0 0.036057692307692304 0.42735042735042733 0.04567307692307692 0.19658119658119658
0 0.15384615384615385 0.3162393162393162 0.04326923076923077 0.1794871794871795
0 0.30288461538461536 0.4444444444444444 0.04326923076923077 0.20512820512820512
0 0.34375 0.46153846153846156 0.04807692307692308 0.18803418803418803
0 0.49038461538461536 0.25213675213675213 0.038461538461538464 0.1452991452991453
0 0.4206730769230769 0.15384615384615385 0.03125 0.13675213675213677
0 0.6538461538461539 0.3034188034188034 0.03365384615384615 0.1752136752136752
0 0.6899038461538461 0.32051282051282054 0.03125 0.17094017094017094
0 0.7475961538461539 0.2777777777777778 0.040865384615384616 0.17094017094017094
0 0.7884615384615384 0.07692307692307693 0.03125 0.1111111111111111
0 0.8197115384615384 0.11538461538461539 0.03125 0.1452991452991453
0 0.8365384615384616 0.06837606837606838 0.03125 0.11965811965811966
0 0.5288461538461539 0.05128205128205128 0.02403846153846154 0.09829059829059829
0 0.9567307692307693 0.32051282051282054 0.040865384615384616 0.1794871794871795