0 0.13942307692307693 0.37606837606837606 0.04567307692307692 0.16666666666666666
0 0.23557692307692307 0.3333333333333333 0.040865384615384616 0.18803418803418803
0 0.2764423076923077 0.5128205128205128 0.05048076923076923 0.2222222222222222
0 0.38461538461538464 0.20512820512820512 0.03125 0.13247863247863248
0 0.4326923076923077 0.1581196581196581 0.019230769230769232 0.1282051282051282
0 0.6418269230769231 0.06196581196581197 0.028846153846153848 0.12393162393162394
0 0.6081730769230769 0.5 0.04807692307692308 0.21794871794871795
0 0.6826923076923077 0.5128205128205128 0.04326923076923077 0.20085470085470086
0 0.7235576923076923 0.5427350427350427 0.04567307692307692 0.20512820512820512
0 0.8149038461538461 0.6538461538461539 0.052884615384615384 0.2264957264957265
0 0.8653846153846154 0.6666666666666666 0.04567307692307692 0.2222222222222222
0 0.9326923076923077 0.2948717948717949 0.036057692307692304 0.17094017094017094