0 0.04326923076923077 0.4230769230769231 0.06009615384615385 0.2264957264957265
0 0.24278846153846154 0.2692307692307692 0.040865384615384616 0.1452991452991453
0 0.22355769230769232 0.32051282051282054 0.026442307692307692 0.0811965811965812
0 0.31490384615384615 0.24358974358974358 0.04567307692307692 0.18803418803418803
0 0.37259615384615385 0.18803418803418803 0.040865384615384616 0.14957264957264957
0 0.3701923076923077 0.36752136752136755 0.04807692307692308 0.18803418803418803
0 0.4254807692307692 0.36324786324786323 0.052884615384615384 0.20512820512820512
0 0.49759615384615385 0.2948717948717949 0.04807692307692308 0.16666666666666666
0 0.8533653846153846 0.4444444444444444 0.06490384615384616 0.20512820512820512
0 0.9591346153846154 0.23931623931623933 0.04567307692307692 0.17094017094017094
0 0.6514423076923077 0.3162393162393162 0.040865384615384616 0.18803418803418803
0 0.7788461538461539 0.11538461538461539 0.03125 0.12393162393162394
0 0.8100961538461539 0.1111111111111111 0.03125 0.1282051282051282
0 0.7451923076923077 0.0811965811965812 0.038461538461538464 0.1282051282051282
0 0.5576923076923077 0.08974358974358974 0.036057692307692304 0.13247863247863248
0 0.49278846153846156 0.09829059829059829 0.028846153846153848 0.11538461538461539
0 0.5216346153846154 0.07264957264957266 0.03365384615384615 0.13247863247863248