0 0.020432692307692308 0.5064102564102564 0.040865384615384616 0.25213675213675213
0 0.052884615384615384 0.5213675213675214 0.052884615384615384 0.20085470085470086
0 0.17307692307692307 0.31196581196581197 0.04326923076923077 0.18376068376068377
0 0.2283653846153846 0.3247863247863248 0.038461538461538464 0.17094017094017094
0 0.2956730769230769 0.21794871794871795 0.038461538461538464 0.15384615384615385
0 0.34134615384615385 0.17094017094017094 0.03125 0.1452991452991453
0 0.3701923076923077 0.1794871794871795 0.03125 0.1282051282051282
0 0.5432692307692307 0.5555555555555556 0.0625 0.2094017094017094
0 0.8365384615384616 0.5769230769230769 0.052884615384615384 0.20085470085470086
0 0.9230769230769231 0.7222222222222222 0.052884615384615384 0.2264957264957265
0 0.8966346153846154 0.3418803418803419 0.03125 0.1752136752136752
0 0.9591346153846154 0.3333333333333333 0.04326923076923077 0.19658119658119658
0 0.6177884615384616 0.16666666666666666 0.038461538461538464 0.1282051282051282
0 0.5192307692307693 0.14957264957264957 0.026442307692307692 0.13675213675213677
0 0.5432692307692307 0.1581196581196581 0.028846153846153848 0.1452991452991453
0 0.8004807692307693 0.23076923076923078 0.03365384615384615 0.14102564102564102
0 0.8461538461538461 0.13247863247863248 0.026442307692307692 0.13675213675213677