0 0.09375 0.6965811965811965 0.057692307692307696 0.23931623931623933
0 0.13701923076923078 0.7136752136752137 0.05048076923076923 0.23504273504273504
0 0.34134615384615385 0.782051282051282 0.057692307692307696 0.2564102564102564
0 0.1971153846153846 0.3247863247863248 0.03125 0.19658119658119658
0 0.22596153846153846 0.3418803418803419 0.03365384615384615 0.18803418803418803
0 0.3004807692307692 0.3888888888888889 0.036057692307692304 0.17094017094017094
0 0.29086538461538464 0.26495726495726496 0.026442307692307692 0.1282051282051282
0 0.31971153846153844 0.2564102564102564 0.026442307692307692 0.1282051282051282
0 0.3798076923076923 0.17094017094017094 0.03125 0.14102564102564102
0 0.4519230769230769 0.1282051282051282 0.03125 0.1282051282051282
0 0.49038461538461536 0.1282051282051282 0.021634615384615384 0.1282051282051282
0 0.5456730769230769 0.0811965811965812 0.028846153846153848 0.10683760683760683
0 0.6995192307692307 0.12393162393162394 0.028846153846153848 0.14102564102564102
0 0.7139423076923077 0.28205128205128205 0.03365384615384615 0.1581196581196581
0 0.8341346153846154 0.5042735042735043 0.040865384615384616 0.20512820512820512
0 0.8894230769230769 0.7008547008547008 0.06490384615384616 0.26495726495726496
0 0.8100961538461539 0.9572649572649573 0.055288461538461536 0.07692307692307693
0 0.9110576923076923 0.23931623931623933 0.036057692307692304 0.1623931623931624
0 0.9399038461538461 0.405982905982906 0.03125 0.18803418803418803
0 0.9350961538461539 0.2948717948717949 0.026442307692307692 0.1581196581196581
0 0.9543269230769231 0.25213675213675213 0.03125 0.14957264957264957