0 0.12740384615384615 0.5726495726495726 0.06009615384615385 0.2264957264957265
0 0.19230769230769232 0.7350427350427351 0.06490384615384616 0.2606837606837607
0 0.19230769230769232 0.5 0.04567307692307692 0.20085470085470086
0 0.21875 0.2948717948717949 0.04326923076923077 0.17094017094017094
0 0.2980769230769231 0.21794871794871795 0.036057692307692304 0.13247863247863248
0 0.3269230769230769 0.4230769230769231 0.05048076923076923 0.2222222222222222
0 0.47596153846153844 0.9316239316239316 0.0673076923076923 0.13247863247863248
0 0.7836538461538461 0.8717948717948718 0.07451923076923077 0.24786324786324787
0 0.6225961538461539 0.5 0.040865384615384616 0.23076923076923078
0 0.5432692307692307 0.3034188034188034 0.036057692307692304 0.18376068376068377
0 0.5552884615384616 0.18803418803418803 0.028846153846153848 0.1452991452991453
0 0.6298076923076923 0.15384615384615385 0.026442307692307692 0.13675213675213677
0 0.5 0.07692307692307693 0.026442307692307692 0.12393162393162394
0 0.7067307692307693 0.21367521367521367 0.03125 0.14102564102564102
0 0.7403846153846154 0.21794871794871795 0.03125 0.14957264957264957
0 0.7620192307692307 0.18376068376068377 0.02403846153846154 0.13675213675213677
0 0.7403846153846154 0.14102564102564102 0.028846153846153848 0.0641025641025641
0 0.9182692307692307 0.2606837606837607 0.038461538461538464 0.1623931623931624
0 0.84375 0.14957264957264957 0.028846153846153848 0.13247863247863248
0 0.8100961538461539 0.14102564102564102 0.03125 0.1452991452991453
0 0.6802884615384616 0.053418803418803416 0.03365384615384615 0.10683760683760683
0 0.59375 0.07692307692307693 0.021634615384615384 0.1282051282051282
0 0.5721153846153846 0.07692307692307693 0.019230769230769232 0.1111111111111111
0 0.5504807692307693 0.05982905982905983 0.021634615384615384 0.11538461538461539