0 0.1346153846153846 0.6111111111111112 0.04326923076923077 0.23076923076923078
0 0.18028846153846154 0.6239316239316239 0.055288461538461536 0.20085470085470086
0 0.0889423076923077 0.405982905982906 0.04807692307692308 0.21794871794871795
0 0.24519230769230768 0.28205128205128205 0.03365384615384615 0.1794871794871795
0 0.2668269230769231 0.23931623931623933 0.03365384615384615 0.14957264957264957
0 0.375 0.36752136752136755 0.038461538461538464 0.1623931623931624
0 0.5769230769230769 0.452991452991453 0.040865384615384616 0.19658119658119658
0 0.9278846153846154 0.4700854700854701 0.052884615384615384 0.21367521367521367
0 0.8774038461538461 0.8290598290598291 0.06490384615384616 0.2948717948717949
0 0.5168269230769231 0.09401709401709402 0.026442307692307692 0.12393162393162394
0 0.4543269230769231 0.09829059829059829 0.03125 0.10256410256410256
0 0.7067307692307693 0.20085470085470086 0.036057692307692304 0.13247863247863248
0 0.7860576923076923 0.18803418803418803 0.03365384615384615 0.1452991452991453
0 0.8365384615384616 0.06837606837606838 0.03125 0.11538461538461539
0 0.7884615384615384 0.07264957264957266 0.028846153846153848 0.09829059829059829
0 0.7451923076923077 0.06196581196581197 0.03365384615384615 0.12393162393162394