0 0.16346153846153846 0.7094017094017094 0.08413461538461539 0.29914529914529914
0 0.23798076923076922 0.9401709401709402 0.0889423076923077 0.1111111111111111
0 0.20432692307692307 0.38461538461538464 0.052884615384615384 0.2094017094017094
0 0.21634615384615385 0.2905982905982906 0.04567307692307692 0.1623931623931624
0 0.2980769230769231 0.2777777777777778 0.055288461538461536 0.19658119658119658
0 0.4951923076923077 0.24786324786324787 0.04807692307692308 0.1752136752136752
0 0.625 0.07264957264957266 0.036057692307692304 0.12393162393162394
0 0.6610576923076923 0.07264957264957266 0.03125 0.12393162393162394
0 0.7451923076923077 0.10256410256410256 0.03365384615384615 0.1452991452991453
0 0.8221153846153846 0.20085470085470086 0.040865384615384616 0.18803418803418803
0 0.90625 0.3333333333333333 0.057692307692307696 0.1794871794871795
0 0.8485576923076923 0.5641025641025641 0.052884615384615384 0.24358974358974358
0 0.8942307692307693 0.5555555555555556 0.038461538461538464 0.2222222222222222
0 0.9254807692307693 0.6282051282051282 0.052884615384615384 0.23931623931623933