0 0.028846153846153848 0.7478632478632479 0.057692307692307696 0.2564102564102564
0 0.027644230769230768 0.5106837606837606 0.055288461538461536 0.21794871794871795
0 0.03365384615384615 0.44017094017094016 0.0673076923076923 0.20085470085470086
0 0.07692307692307693 0.37606837606837606 0.052884615384615384 0.1794871794871795
0 0.125 0.3504273504273504 0.052884615384615384 0.17094017094017094
0 0.33653846153846156 0.23076923076923078 0.04807692307692308 0.19230769230769232
0 0.4230769230769231 0.27350427350427353 0.057692307692307696 0.20512820512820512
0 0.41346153846153844 0.17094017094017094 0.052884615384615384 0.1452991452991453
0 0.49759615384615385 0.1752136752136752 0.04567307692307692 0.16666666666666666
0 0.5216346153846154 0.14957264957264957 0.036057692307692304 0.1623931623931624
0 0.5673076923076923 0.3717948717948718 0.0625 0.2264957264957265
0 0.6418269230769231 0.4017094017094017 0.057692307692307696 0.24358974358974358
0 0.7139423076923077 0.2948717948717949 0.0625 0.21367521367521367
0 0.7740384615384616 0.14957264957264957 0.06009615384615385 0.1752136752136752
0 0.9423076923076923 0.3076923076923077 0.055288461538461536 0.1752136752136752