0 0.12740384615384615 0.6410256410256411 0.0673076923076923 0.2564102564102564
0 0.06009615384615385 0.6025641025641025 0.055288461538461536 0.21367521367521367
0 0.09615384615384616 0.4444444444444444 0.04326923076923077 0.2094017094017094
0 0.04567307692307692 0.42735042735042733 0.05048076923076923 0.19230769230769232
0 0.35336538461538464 0.5 0.04807692307692308 0.23504273504273504
0 0.6177884615384616 0.49572649572649574 0.04807692307692308 0.21794871794871795
0 0.6346153846153846 0.7735042735042735 0.06490384615384616 0.2606837606837607
0 0.40865384615384615 0.28205128205128205 0.038461538461538464 0.16666666666666666
0 0.39903846153846156 0.14957264957264957 0.02403846153846154 0.12393162393162394
0 0.49038461538461536 0.11538461538461539 0.03365384615384615 0.1452991452991453
0 0.6201923076923077 0.19230769230769232 0.040865384615384616 0.1752136752136752
0 0.53125 0.05982905982905983 0.03125 0.10683760683760683
0 0.6826923076923077 0.2564102564102564 0.028846153846153848 0.14957264957264957
0 0.7067307692307693 0.2692307692307692 0.03365384615384615 0.17094017094017094
0 0.75 0.2905982905982906 0.028846153846153848 0.16666666666666666
0 0.7788461538461539 0.2692307692307692 0.03125 0.1623931623931624
0 0.8798076923076923 0.08974358974358974 0.02403846153846154 0.12393162393162394
0 0.8389423076923077 0.0811965811965812 0.03125 0.1282051282051282
0 0.7596153846153846 0.08974358974358974 0.036057692307692304 0.11538461538461539
0 0.6923076923076923 0.09829059829059829 0.03125 0.13675213675213677
0 0.6153846153846154 0.08547008547008547 0.03125 0.08547008547008547
0 0.5961538461538461 0.04700854700854701 0.019230769230769232 0.09401709401709402
0 0.6177884615384616 0.042735042735042736 0.021634615384615384 0.06837606837606838
0 0.9302884615384616 0.358974358974359 0.038461538461538464 0.17094017094017094
0 0.41346153846153844 0.10256410256410256 0.02403846153846154 0.08974358974358974
0 0.9519230769230769 0.5085470085470085 0.03365384615384615 0.20085470085470086