0 0.021634615384615384 0.405982905982906 0.040865384615384616 0.19658119658119658
0 0.0625 0.42735042735042733 0.04807692307692308 0.1794871794871795
0 0.14423076923076922 0.4230769230769231 0.04807692307692308 0.20085470085470086
0 0.17548076923076922 0.42735042735042733 0.038461538461538464 0.2094017094017094
0 0.3317307692307692 0.5683760683760684 0.0625 0.23931623931623933
0 0.3894230769230769 0.5897435897435898 0.06009615384615385 0.2564102564102564
0 0.41346153846153844 0.8675213675213675 0.06971153846153846 0.25213675213675213
0 0.22596153846153846 0.31196581196581197 0.05048076923076923 0.18803418803418803
0 0.18028846153846154 0.3076923076923077 0.040865384615384616 0.1752136752136752
0 0.27403846153846156 0.23931623931623933 0.05048076923076923 0.1623931623931624
0 0.34615384615384615 0.18803418803418803 0.028846153846153848 0.1452991452991453
0 0.3629807692307692 0.1794871794871795 0.021634615384615384 0.13247863247863248
0 0.38461538461538464 0.20085470085470086 0.028846153846153848 0.1111111111111111
0 0.6706730769230769 0.48717948717948717 0.05048076923076923 0.21367521367521367
0 0.7932692307692307 0.7136752136752137 0.06971153846153846 0.2564102564102564
0 0.8653846153846154 0.7478632478632479 0.07211538461538461 0.2564102564102564
0 0.9278846153846154 0.6752136752136753 0.04567307692307692 0.18376068376068377
0 0.7644230769230769 0.14957264957264957 0.040865384615384616 0.14102564102564102
0 0.8245192307692307 0.13247863247863248 0.03125 0.1623931623931624
0 0.875 0.1282051282051282 0.040865384615384616 0.15384615384615385
0 0.5384615384615384 0.05982905982905983 0.03365384615384615 0.11965811965811966
0 0.04807692307692308 0.9401709401709402 0.05048076923076923 0.1111111111111111