0 0.08653846153846154 0.3803418803418803 0.04567307692307692 0.1581196581196581
0 0.21634615384615385 0.2606837606837607 0.038461538461538464 0.1581196581196581
0 0.35336538461538464 0.18376068376068377 0.03125 0.13675213675213677
0 0.4807692307692308 0.11538461538461539 0.026442307692307692 0.11965811965811966
0 0.5240384615384616 0.05982905982905983 0.02403846153846154 0.11965811965811966
0 0.5504807692307693 0.06196581196581197 0.02403846153846154 0.12393162393162394
0 0.5853365384615384 0.057692307692307696 0.021634615384615384 0.11538461538461539
0 0.6177884615384616 0.053418803418803416 0.028846153846153848 0.10683760683760683
0 0.6526442307692307 0.04487179487179487 0.021634615384615384 0.08974358974358974
0 0.5168269230769231 0.8418803418803419 0.07451923076923077 0.3076923076923077
0 0.71875 0.6794871794871795 0.055288461538461536 0.23504273504273504
0 0.7644230769230769 0.7094017094017094 0.05048076923076923 0.23931623931623933
0 0.8125 0.19658119658119658 0.028846153846153848 0.1452991452991453
0 0.6586538461538461 0.2564102564102564 0.038461538461538464 0.1794871794871795
0 0.8894230769230769 0.34615384615384615 0.04567307692307692 0.20085470085470086
0 0.9567307692307693 0.20085470085470086 0.036057692307692304 0.1581196581196581