0 0.03245192307692308 0.7457264957264957 0.06490384615384616 0.2692307692307692
0 0.07211538461538461 0.5512820512820513 0.052884615384615384 0.21794871794871795
0 0.036057692307692304 0.5128205128205128 0.04807692307692308 0.19230769230769232
0 0.07451923076923077 0.37606837606837606 0.055288461538461536 0.1794871794871795
0 0.38221153846153844 0.3547008547008547 0.036057692307692304 0.18803418803418803
0 0.41346153846153844 0.36752136752136755 0.040865384615384616 0.1623931623931624
0 0.3389423076923077 0.20085470085470086 0.03125 0.1581196581196581
0 0.5480769230769231 0.19230769230769232 0.03125 0.14102564102564102
0 0.5504807692307693 0.9444444444444444 0.07692307692307693 0.10256410256410256
0 0.6346153846153846 0.4188034188034188 0.040865384615384616 0.1794871794871795
0 0.7019230769230769 0.3418803418803419 0.038461538461538464 0.18376068376068377
0 0.7091346153846154 0.2222222222222222 0.038461538461538464 0.1282051282051282
0 0.9615384615384616 0.24786324786324787 0.040865384615384616 0.17094017094017094
0 0.8557692307692307 0.1581196581196581 0.038461538461538464 0.14957264957264957
0 0.7884615384615384 0.07692307692307693 0.03125 0.11538461538461539
0 0.8341346153846154 0.07264957264957266 0.03125 0.12393162393162394
0 0.5432692307692307 0.05982905982905983 0.026442307692307692 0.10683760683760683