0 0.06490384615384616 0.7350427350427351 0.0673076923076923 0.2777777777777778
0 0.06009615384615385 0.48717948717948717 0.04567307692307692 0.2094017094017094
0 0.06971153846153846 0.3717948717948718 0.055288461538461536 0.18376068376068377
0 0.28365384615384615 0.2692307692307692 0.040865384615384616 0.14957264957264957
0 0.3942307692307692 0.19230769230769232 0.040865384615384616 0.13675213675213677
0 0.4807692307692308 0.5854700854700855 0.06009615384615385 0.25213675213675213
0 0.7355769230769231 0.4358974358974359 0.038461538461538464 0.19230769230769232
0 0.7908653846153846 0.45726495726495725 0.04326923076923077 0.18803418803418803
0 0.8485576923076923 0.49572649572649574 0.036057692307692304 0.19230769230769232
0 0.8918269230769231 0.49572649572649574 0.04326923076923077 0.19658119658119658
0 0.5168269230769231 0.08974358974358974 0.03125 0.11538461538461539
0 0.5600961538461539 0.08974358974358974 0.026442307692307692 0.12393162393162394
0 0.7115384615384616 0.0405982905982906 0.028846153846153848 0.0811965811965812