0 0.3581730769230769 0.8974358974358975 0.07692307692307693 0.19658119658119658
0 0.8149038461538461 0.8461538461538461 0.07211538461538461 0.25213675213675213
0 0.8798076923076923 0.8504273504273504 0.057692307692307696 0.23931623931623933
0 0.8173076923076923 0.5085470085470085 0.038461538461538464 0.20512820512820512
0 0.8629807692307693 0.5555555555555556 0.0625 0.24786324786324787
0 0.45913461538461536 0.26495726495726496 0.038461538461538464 0.14102564102564102
0 0.3918269230769231 0.19658119658119658 0.036057692307692304 0.10683760683760683
0 0.4879807692307692 0.13247863247863248 0.028846153846153848 0.15384615384615385
0 0.46875 0.1111111111111111 0.021634615384615384 0.12393162393162394
0 0.4495192307692308 0.10256410256410256 0.021634615384615384 0.11965811965811966
0 0.42788461538461536 0.07692307692307693 0.016826923076923076 0.1282051282051282
0 0.8533653846153846 0.358974358974359 0.038461538461538464 0.1581196581196581
0 0.96875 0.2564102564102564 0.03365384615384615 0.19230769230769232
0 0.8629807692307693 0.11538461538461539 0.021634615384615384 0.13247863247863248
0 0.8894230769230769 0.05555555555555555 0.028846153846153848 0.1111111111111111
0 0.5504807692307693 0.05555555555555555 0.021634615384615384 0.10256410256410256
0 0.5961538461538461 0.0641025641025641 0.019230769230769232 0.11538461538461539
0 0.6177884615384616 0.0641025641025641 0.019230769230769232 0.1111111111111111