0 0.0625 0.6196581196581197 0.0673076923076923 0.2692307692307692
0 0.019230769230769232 0.6239316239316239 0.038461538461538464 0.2606837606837607
0 0.17067307692307693 0.36752136752136755 0.057692307692307696 0.19658119658119658
0 0.22115384615384615 0.38461538461538464 0.057692307692307696 0.19230769230769232
0 0.3581730769230769 0.14957264957264957 0.03365384615384615 0.1623931623931624
0 0.4543269230769231 0.1452991452991453 0.038461538461538464 0.1581196581196581
0 0.4831730769230769 0.09401709401709402 0.03365384615384615 0.12393162393162394
0 0.5360576923076923 0.0641025641025641 0.04326923076923077 0.11965811965811966
0 0.9014423076923077 0.28205128205128205 0.04807692307692308 0.18376068376068377
0 0.9254807692307693 0.21367521367521367 0.026442307692307692 0.1752136752136752
0 0.9567307692307693 0.2948717948717949 0.03125 0.1452991452991453
0 0.8990384615384616 0.08547008547008547 0.03125 0.14957264957264957
0 0.7908653846153846 0.7094017094017094 0.06009615384615385 0.23931623931623933
0 0.7764423076923077 0.8376068376068376 0.07932692307692307 0.2692307692307692
0 0.8461538461538461 0.7222222222222222 0.06490384615384616 0.2222222222222222
0 0.8581730769230769 0.8504273504273504 0.06490384615384616 0.26495726495726496