0 0.17067307692307693 0.5299145299145299 0.055288461538461536 0.20512820512820512
0 0.23557692307692307 0.4658119658119658 0.04567307692307692 0.19230769230769232
0 0.1201923076923077 0.8461538461538461 0.07932692307692307 0.3034188034188034
0 0.015625 0.42735042735042733 0.03125 0.1794871794871795
0 0.2620192307692308 0.2692307692307692 0.03365384615384615 0.1581196581196581
0 0.24519230769230768 0.23504273504273504 0.028846153846153848 0.1282051282051282
0 0.5048076923076923 0.3547008547008547 0.038461538461538464 0.19658119658119658
0 0.375 0.358974358974359 0.036057692307692304 0.1752136752136752
0 0.6201923076923077 0.49145299145299143 0.04326923076923077 0.2222222222222222
0 0.8149038461538461 0.7991452991452992 0.07451923076923077 0.3076923076923077
0 0.6105769230769231 0.1794871794871795 0.028846153846153848 0.15384615384615385
0 0.5913461538461539 0.1623931623931624 0.026442307692307692 0.1452991452991453
0 0.5793269230769231 0.0811965811965812 0.016826923076923076 0.12393162393162394
0 0.5625 0.0811965811965812 0.019230769230769232 0.11538461538461539
0 0.5336538461538461 0.0641025641025641 0.02403846153846154 0.12393162393162394
0 0.5084134615384616 0.057692307692307696 0.03125 0.11538461538461539
0 0.6971153846153846 0.18376068376068377 0.028846153846153848 0.13675213675213677
0 0.7259615384615384 0.18803418803418803 0.02403846153846154 0.1581196581196581
0 0.7572115384615384 0.1623931623931624 0.021634615384615384 0.14102564102564102
0 0.7740384615384616 0.16666666666666666 0.02403846153846154 0.1452991452991453
0 0.8052884615384616 0.16666666666666666 0.03365384615384615 0.1452991452991453
0 0.8413461538461539 0.17094017094017094 0.03125 0.13675213675213677
0 0.8990384615384616 0.2222222222222222 0.028846153846153848 0.13675213675213677
0 0.6947115384615384 0.05128205128205128 0.021634615384615384 0.10256410256410256