0 0.17067307692307693 0.7051282051282052 0.06971153846153846 0.27350427350427353
0 0.0985576923076923 0.36324786324786323 0.04567307692307692 0.18803418803418803
0 0.23557692307692307 0.25213675213675213 0.038461538461538464 0.14102564102564102
0 0.015625 0.4935897435897436 0.03125 0.19230769230769232
0 0.40625 0.7222222222222222 0.057692307692307696 0.2564102564102564
0 0.4951923076923077 0.5769230769230769 0.052884615384615384 0.2222222222222222
0 0.5432692307692307 0.6196581196581197 0.040865384615384616 0.2222222222222222
0 0.6129807692307693 0.5 0.04807692307692308 0.23076923076923078
0 0.3701923076923077 0.3717948717948718 0.05048076923076923 0.18376068376068377
0 0.42788461538461536 0.33760683760683763 0.04567307692307692 0.17094017094017094
0 0.47596153846153844 0.33760683760683763 0.036057692307692304 0.1794871794871795
0 0.5048076923076923 0.13675213675213677 0.021634615384615384 0.1282051282051282
0 0.4807692307692308 0.12393162393162394 0.021634615384615384 0.1111111111111111
0 0.3918269230769231 0.13247863247863248 0.028846153846153848 0.13675213675213677
0 0.4639423076923077 0.09829059829059829 0.021634615384615384 0.1282051282051282
0 0.5697115384615384 0.1623931623931624 0.028846153846153848 0.14957264957264957
0 0.59375 0.07264957264957266 0.021634615384615384 0.1111111111111111
0 0.7067307692307693 0.32051282051282054 0.026442307692307692 0.19658119658119658
0 0.7451923076923077 0.32905982905982906 0.03125 0.1623931623931624
0 0.9206730769230769 0.4188034188034188 0.040865384615384616 0.20512820512820512
0 0.8798076923076923 0.7094017094017094 0.06490384615384616 0.2564102564102564
0 0.6538461538461539 0.08974358974358974 0.021634615384615384 0.11965811965811966
0 0.6730769230769231 0.07692307692307693 0.021634615384615384 0.13247863247863248
0 0.7067307692307693 0.05555555555555555 0.028846153846153848 0.1111111111111111
0 0.7367788461538461 0.053418803418803416 0.026442307692307692 0.10683760683760683
0 0.8028846153846154 0.09829059829059829 0.019230769230769232 0.14102564102564102
0 0.8894230769230769 0.08547008547008547 0.02403846153846154 0.11965811965811966