0 0.14182692307692307 0.4230769230769231 0.057692307692307696 0.20085470085470086
0 0.1971153846153846 0.3162393162393162 0.040865384615384616 0.1794871794871795
0 0.30528846153846156 0.26495726495726496 0.04567307692307692 0.1581196581196581
0 0.36538461538461536 0.19658119658119658 0.036057692307692304 0.1581196581196581
0 0.49038461538461536 0.2905982905982906 0.03125 0.1794871794871795
0 0.4182692307692308 0.13247863247863248 0.026442307692307692 0.11965811965811966
0 0.5048076923076923 0.18803418803418803 0.03365384615384615 0.1452991452991453
0 0.5192307692307693 0.0641025641025641 0.026442307692307692 0.1282051282051282
0 0.6778846153846154 0.21367521367521367 0.03125 0.13675213675213677
0 0.5649038461538461 0.37606837606837606 0.03125 0.16666666666666666
0 0.59375 0.3888888888888889 0.03365384615384615 0.18803418803418803
0 0.6201923076923077 0.49145299145299143 0.040865384615384616 0.21794871794871795
0 0.5625 0.7606837606837606 0.057692307692307696 0.27350427350427353
0 0.8557692307692307 0.8376068376068376 0.07211538461538461 0.29914529914529914
0 0.9158653846153846 0.5769230769230769 0.0625 0.21367521367521367
0 0.8004807692307693 0.5555555555555556 0.0625 0.2094017094017094
0 0.7572115384615384 0.4017094017094017 0.036057692307692304 0.18803418803418803
0 0.7235576923076923 0.41452991452991456 0.03365384615384615 0.1752136752136752
0 0.6947115384615384 0.0811965811965812 0.03365384615384615 0.13247863247863248
0 0.7572115384615384 0.049145299145299144 0.028846153846153848 0.09829059829059829
0 0.8197115384615384 0.05128205128205128 0.028846153846153848 0.10256410256410256