0 0.10096153846153846 0.3717948717948718 0.055288461538461536 0.21367521367521367
0 0.15625 0.38461538461538464 0.052884615384615384 0.18803418803418803
0 0.21394230769230768 0.41025641025641024 0.04807692307692308 0.20512820512820512
0 0.2692307692307692 0.4188034188034188 0.05048076923076923 0.2222222222222222
0 0.23076923076923078 0.24358974358974358 0.06009615384615385 0.1752136752136752
0 0.3293269230769231 0.23931623931623933 0.05048076923076923 0.1623931623931624
0 0.36538461538461536 0.18376068376068377 0.040865384615384616 0.13247863247863248
0 0.4254807692307692 0.1452991452991453 0.040865384615384616 0.14957264957264957
0 0.5769230769230769 0.0641025641025641 0.040865384615384616 0.1282051282051282
0 0.6274038461538461 0.8418803418803419 0.07211538461538461 0.3076923076923077
0 0.8197115384615384 0.44871794871794873 0.06009615384615385 0.23076923076923078
0 0.8533653846153846 0.5769230769230769 0.05048076923076923 0.23504273504273504
0 0.8774038461538461 0.5 0.04567307692307692 0.20512820512820512
0 0.8822115384615384 0.405982905982906 0.05048076923076923 0.1581196581196581
0 0.9230769230769231 0.5128205128205128 0.038461538461538464 0.21367521367521367
0 0.9471153846153846 0.5854700854700855 0.036057692307692304 0.23504273504273504
0 0.8725961538461539 0.1794871794871795 0.040865384615384616 0.1752136752136752
0 0.9302884615384616 0.20085470085470086 0.026442307692307692 0.19658119658119658
0 0.9543269230769231 0.23076923076923078 0.028846153846153848 0.18376068376068377