0 0.040865384615384616 0.42735042735042733 0.06009615384615385 0.21367521367521367
0 0.14423076923076922 0.4444444444444444 0.06009615384615385 0.20512820512820512
0 0.2403846153846154 0.45726495726495725 0.052884615384615384 0.20085470085470086
0 0.27884615384615385 0.46153846153846156 0.05048076923076923 0.2094017094017094
0 0.5625 0.5085470085470085 0.055288461538461536 0.21794871794871795
0 0.6057692307692307 0.5170940170940171 0.052884615384615384 0.26495726495726496
0 0.6081730769230769 0.358974358974359 0.05048076923076923 0.1794871794871795
0 0.4855769230769231 0.23931623931623933 0.052884615384615384 0.20085470085470086
0 0.6586538461538461 0.1452991452991453 0.04807692307692308 0.1794871794871795
0 0.6826923076923077 0.5384615384615384 0.057692307692307696 0.20085470085470086
0 0.8052884615384616 0.5042735042735043 0.052884615384615384 0.26495726495726496
0 0.875 0.5213675213675214 0.0673076923076923 0.2264957264957265
0 0.8725961538461539 0.4358974358974359 0.055288461538461536 0.15384615384615385
0 0.9182692307692307 0.3888888888888889 0.04807692307692308 0.1794871794871795
0 0.9471153846153846 0.49572649572649574 0.06009615384615385 0.20085470085470086
0 0.9110576923076923 0.2905982905982906 0.040865384615384616 0.1452991452991453