0 0.19471153846153846 0.5811965811965812 0.06009615384615385 0.23076923076923078
0 0.04807692307692308 0.5299145299145299 0.04326923076923077 0.1794871794871795
0 0.013221153846153846 0.5277777777777778 0.026442307692307692 0.18376068376068377
0 0.15865384615384615 0.4017094017094017 0.03365384615384615 0.16666666666666666
0 0.1658653846153846 0.2948717948717949 0.03125 0.14957264957264957
0 0.20432692307692307 0.3076923076923077 0.04567307692307692 0.17094017094017094
0 0.2932692307692308 0.2863247863247863 0.038461538461538464 0.14957264957264957
0 0.27884615384615385 0.23076923076923078 0.026442307692307692 0.14957264957264957
0 0.5336538461538461 0.20512820512820512 0.028846153846153848 0.14957264957264957
0 0.5649038461538461 0.21794871794871795 0.028846153846153848 0.15384615384615385
0 0.6826923076923077 0.23504273504273504 0.036057692307692304 0.14957264957264957
0 0.65625 0.1623931623931624 0.036057692307692304 0.13247863247863248
0 0.7668269230769231 0.6196581196581197 0.05048076923076923 0.24786324786324787
0 0.7860576923076923 0.8376068376068376 0.05048076923076923 0.25213675213675213
0 0.8221153846153846 0.6538461538461539 0.04807692307692308 0.2222222222222222
0 0.8894230769230769 0.7051282051282052 0.057692307692307696 0.23504273504273504
0 0.9086538461538461 0.5555555555555556 0.038461538461538464 0.1794871794871795
0 0.9254807692307693 0.4444444444444444 0.05048076923076923 0.18376068376068377
0 0.9615384615384616 0.3034188034188034 0.03365384615384615 0.10683760683760683
0 0.9447115384615384 0.24358974358974358 0.03125 0.1581196581196581
0 0.9254807692307693 0.20512820512820512 0.026442307692307692 0.12393162393162394
0 0.8822115384615384 0.2094017094017094 0.036057692307692304 0.14957264957264957
0 0.8725961538461539 0.14102564102564102 0.03125 0.13675213675213677
0 0.8269230769230769 0.04487179487179487 0.02403846153846154 0.08974358974358974