0 0.15144230769230768 0.41452991452991456 0.055288461538461536 0.19230769230769232
0 0.09615384615384616 0.7948717948717948 0.09134615384615384 0.31196581196581197
0 0.3317307692307692 0.8717948717948718 0.12740384615384615 0.24358974358974358
0 0.8918269230769231 0.6965811965811965 0.07451923076923077 0.2777777777777778
0 0.8677884615384616 0.5042735042735043 0.0625 0.20512820512820512
0 0.9206730769230769 0.49145299145299143 0.04567307692307692 0.23076923076923078
0 0.90625 0.3076923076923077 0.0625 0.19658119658119658
0 0.7908653846153846 0.21794871794871795 0.04326923076923077 0.18803418803418803
0 0.2644230769230769 0.25213675213675213 0.040865384615384616 0.16666666666666666
0 0.34375 0.21367521367521367 0.04567307692307692 0.15384615384615385
0 0.45913461538461536 0.2863247863247863 0.05048076923076923 0.18803418803418803
0 0.6742788461538461 0.06196581196581197 0.036057692307692304 0.12393162393162394
0 0.6394230769230769 0.05982905982905983 0.03125 0.11965811965811966
0 0.7331730769230769 0.12393162393162394 0.04326923076923077 0.14957264957264957
0 0.8293269230769231 0.049145299145299144 0.028846153846153848 0.09829059829059829
0 0.90625 0.07264957264957266 0.021634615384615384 0.11538461538461539
0 0.8822115384615384 0.06837606837606838 0.026442307692307692 0.12393162393162394