0 0.055288461538461536 0.4188034188034188 0.036057692307692304 0.20085470085470086
0 0.1466346153846154 0.594017094017094 0.04807692307692308 0.20512820512820512
0 0.18028846153846154 0.358974358974359 0.038461538461538464 0.1581196581196581
0 0.4495192307692308 0.08974358974358974 0.026442307692307692 0.1111111111111111
0 0.47596153846153844 0.12393162393162394 0.028846153846153848 0.13247863247863248
0 0.5024038461538461 0.0641025641025641 0.019230769230769232 0.11965811965811966
0 0.5240384615384616 0.10683760683760683 0.02403846153846154 0.11965811965811966
0 0.5552884615384616 0.07692307692307693 0.021634615384615384 0.1111111111111111
0 0.6057692307692307 0.11538461538461539 0.02403846153846154 0.11538461538461539
0 0.6394230769230769 0.11538461538461539 0.026442307692307692 0.11965811965811966
0 0.6201923076923077 0.49572649572649574 0.036057692307692304 0.21367521367521367
0 0.6995192307692307 0.7905982905982906 0.055288461538461536 0.32905982905982906
0 0.8725961538461539 0.7564102564102564 0.06971153846153846 0.23076923076923078
0 0.7548076923076923 0.2948717948717949 0.04326923076923077 0.1752136752136752
0 0.7259615384615384 0.15384615384615385 0.026442307692307692 0.12393162393162394
0 0.9567307692307693 0.32905982905982906 0.03125 0.19230769230769232
0 0.6634615384615384 0.04487179487179487 0.028846153846153848 0.08974358974358974
0 0.7151442307692307 0.04487179487179487 0.021634615384615384 0.08974358974358974