0 0.10096153846153846 0.4017094017094017 0.0673076923076923 0.20512820512820512
0 0.1201923076923077 0.34615384615384615 0.05048076923076923 0.16666666666666666
0 0.17307692307692307 0.3162393162393162 0.052884615384615384 0.1581196581196581
0 0.31490384615384615 0.2564102564102564 0.06009615384615385 0.19658119658119658
0 0.3894230769230769 0.19658119658119658 0.04567307692307692 0.15384615384615385
0 0.3870192307692308 0.3162393162393162 0.0625 0.19230769230769232
0 0.46875 0.21367521367521367 0.052884615384615384 0.1794871794871795
0 0.49759615384615385 0.18376068376068377 0.04567307692307692 0.1623931623931624
0 0.5504807692307693 0.4188034188034188 0.06490384615384616 0.23076923076923078
0 0.625 0.44871794871794873 0.057692307692307696 0.23504273504273504
0 0.7211538461538461 0.25213675213675213 0.05048076923076923 0.1794871794871795
0 0.8004807692307693 0.1282051282051282 0.055288461538461536 0.1581196581196581
0 0.9495192307692307 0.3504273504273504 0.06009615384615385 0.19658119658119658