0 0.2548076923076923 0.5341880341880342 0.07211538461538461 0.23931623931623933
0 0.2283653846153846 0.4188034188034188 0.06490384615384616 0.2222222222222222
0 0.15865384615384615 0.3504273504273504 0.057692307692307696 0.2264957264957265
0 0.22596153846153846 0.27350427350427353 0.057692307692307696 0.17094017094017094
0 0.4230769230769231 0.4188034188034188 0.0625 0.2222222222222222
0 0.4879807692307692 0.2564102564102564 0.057692307692307696 0.1752136752136752
0 0.37740384615384615 0.1794871794871795 0.040865384615384616 0.14102564102564102
0 0.36538461538461536 0.2094017094017094 0.036057692307692304 0.0641025641025641
0 0.4110576923076923 0.12393162393162394 0.040865384615384616 0.1282051282051282
0 0.4735576923076923 0.08974358974358974 0.03365384615384615 0.1111111111111111
0 0.4879807692307692 0.13675213675213677 0.038461538461538464 0.14102564102564102
0 0.7379807692307693 0.21794871794871795 0.05048076923076923 0.18803418803418803
0 0.8605769230769231 0.7136752136752137 0.08173076923076923 0.2777777777777778
0 0.9134615384615384 0.3247863247863248 0.052884615384615384 0.18376068376068377
0 0.8774038461538461 0.1623931623931624 0.03125 0.1452991452991453
0 0.8413461538461539 0.1752136752136752 0.028846153846153848 0.1282051282051282
0 0.8317307692307693 0.1282051282051282 0.036057692307692304 0.1282051282051282
0 0.7932692307692307 0.13247863247863248 0.038461538461538464 0.1452991452991453
0 0.7211538461538461 0.07264957264957266 0.038461538461538464 0.1282051282051282
0 0.6213942307692307 0.06623931623931624 0.03125 0.13247863247863248
0 0.6514423076923077 0.06837606837606838 0.028846153846153848 0.13675213675213677
0 0.5889423076923077 0.0641025641025641 0.028846153846153848 0.12393162393162394
0 0.5625 0.0641025641025641 0.026442307692307692 0.12393162393162394
0 0.9615384615384616 0.2863247863247863 0.026442307692307692 0.12393162393162394