0 0.13221153846153846 0.9316239316239316 0.05048076923076923 0.1282051282051282
0 0.11057692307692307 0.39316239316239315 0.03365384615384615 0.16666666666666666
0 0.3245192307692308 0.39316239316239315 0.038461538461538464 0.1623931623931624
0 0.3485576923076923 0.21367521367521367 0.026442307692307692 0.13675213675213677
0 0.5408653846153846 0.37606837606837606 0.036057692307692304 0.18803418803418803
0 0.5913461538461539 0.3803418803418803 0.040865384615384616 0.1794871794871795
0 0.5985576923076923 0.5982905982905983 0.04326923076923077 0.21367521367521367
0 0.6129807692307693 0.5 0.04567307692307692 0.21367521367521367
0 0.6802884615384616 0.1452991452991453 0.028846153846153848 0.13247863247863248
0 0.8245192307692307 0.10683760683760683 0.028846153846153848 0.11538461538461539
0 0.53125 0.08547008547008547 0.026442307692307692 0.12393162393162394