0 0.05048076923076923 0.43162393162393164 0.052884615384615384 0.23076923076923078
0 0.0985576923076923 0.452991452991453 0.040865384615384616 0.18376068376068377
0 0.1346153846153846 0.47863247863247865 0.040865384615384616 0.20512820512820512
0 0.23557692307692307 0.6410256410256411 0.07692307692307693 0.24358974358974358
0 0.25240384615384615 0.2692307692307692 0.03365384615384615 0.17094017094017094
0 0.4543269230769231 0.2863247863247863 0.03365384615384615 0.1581196581196581
0 0.4831730769230769 0.2948717948717949 0.03365384615384615 0.14957264957264957
0 0.5841346153846154 0.5555555555555556 0.04567307692307692 0.20512820512820512
0 0.6899038461538461 0.8076923076923077 0.0673076923076923 0.27350427350427353
0 0.8245192307692307 0.9273504273504274 0.07211538461538461 0.13675213675213677
0 0.6466346153846154 0.43162393162393164 0.04326923076923077 0.20512820512820512
0 0.5889423076923077 0.13675213675213677 0.02403846153846154 0.12393162393162394
0 0.4807692307692308 0.08974358974358974 0.03125 0.11538461538461539
0 0.7620192307692307 0.17094017094017094 0.028846153846153848 0.1452991452991453
0 0.8846153846153846 0.21367521367521367 0.038461538461538464 0.1623931623931624
0 0.8076923076923077 0.08547008547008547 0.028846153846153848 0.11965811965811966
0 0.7740384615384616 0.0811965811965812 0.02403846153846154 0.11538461538461539
0 0.6129807692307693 0.038461538461538464 0.028846153846153848 0.07692307692307693