0 0.055288461538461536 0.3974358974358974 0.06971153846153846 0.19230769230769232
0 0.46634615384615385 0.8632478632478633 0.07932692307692307 0.2692307692307692
0 0.7788461538461539 0.8418803418803419 0.09375 0.26495726495726496
0 0.7644230769230769 0.6282051282051282 0.052884615384615384 0.27350427350427353
0 0.8149038461538461 0.6367521367521367 0.06009615384615385 0.23504273504273504
0 0.8966346153846154 0.717948717948718 0.06971153846153846 0.2692307692307692
0 0.9038461538461539 0.5598290598290598 0.052884615384615384 0.20085470085470086
0 0.8317307692307693 0.5341880341880342 0.04567307692307692 0.2094017094017094
0 0.8918269230769231 0.44017094017094016 0.057692307692307696 0.1794871794871795
0 0.8966346153846154 0.3247863247863248 0.05048076923076923 0.16666666666666666
0 0.9278846153846154 0.26495726495726496 0.038461538461538464 0.17094017094017094
0 0.9615384615384616 0.2905982905982906 0.03365384615384615 0.13675213675213677
0 0.9567307692307693 0.1623931623931624 0.04567307692307692 0.14957264957264957
0 0.9543269230769231 0.23931623931623933 0.02403846153846154 0.1282051282051282
0 0.25240384615384615 0.27350427350427353 0.052884615384615384 0.1581196581196581
0 0.3389423076923077 0.23504273504273504 0.04567307692307692 0.14957264957264957
0 0.375 0.15384615384615385 0.040865384615384616 0.1623931623931624
0 0.41586538461538464 0.1623931623931624 0.036057692307692304 0.1581196581196581
0 0.4519230769230769 0.1581196581196581 0.040865384615384616 0.1581196581196581
0 0.49278846153846156 0.1752136752136752 0.05048076923076923 0.1623931623931624
0 0.5336538461538461 0.16666666666666666 0.036057692307692304 0.1452991452991453
0 0.5504807692307693 0.2777777777777778 0.06009615384615385 0.19230769230769232
0 0.4735576923076923 0.10256410256410256 0.04326923076923077 0.14957264957264957
0 0.5552884615384616 0.08547008547008547 0.036057692307692304 0.13247863247863248
0 0.6081730769230769 0.10256410256410256 0.04807692307692308 0.1581196581196581
0 0.8485576923076923 0.07478632478632478 0.038461538461538464 0.14957264957264957