0 0.15625 0.34615384615384615 0.04567307692307692 0.19230769230769232
0 0.23076923076923078 0.34615384615384615 0.057692307692307696 0.20085470085470086
0 0.3389423076923077 0.5555555555555556 0.055288461538461536 0.24786324786324787
0 0.4639423076923077 0.8589743589743589 0.07692307692307693 0.2777777777777778
0 0.6466346153846154 0.5384615384615384 0.06009615384615385 0.2692307692307692
0 0.3389423076923077 0.21794871794871795 0.040865384615384616 0.16666666666666666
0 0.36538461538461536 0.2264957264957265 0.03365384615384615 0.14957264957264957
0 0.3798076923076923 0.15384615384615385 0.03365384615384615 0.16666666666666666
0 0.4110576923076923 0.1623931623931624 0.03365384615384615 0.16666666666666666
0 0.4519230769230769 0.10683760683760683 0.028846153846153848 0.14957264957264957
0 0.47836538461538464 0.12393162393162394 0.026442307692307692 0.13675213675213677
0 0.5 0.10256410256410256 0.03125 0.11965811965811966
0 0.5504807692307693 0.09829059829059829 0.036057692307692304 0.1282051282051282
0 0.8413461538461539 0.17094017094017094 0.038461538461538464 0.14957264957264957
0 0.90625 0.2564102564102564 0.03365384615384615 0.16666666666666666
0 0.8966346153846154 0.4444444444444444 0.04567307692307692 0.20085470085470086
0 0.9471153846153846 0.4658119658119658 0.03365384615384615 0.21367521367521367
0 0.8365384615384616 0.05555555555555555 0.03125 0.1111111111111111