0 0.04567307692307692 0.4658119658119658 0.05048076923076923 0.19230769230769232
0 0.4182692307692308 0.8247863247863247 0.07932692307692307 0.27350427350427353
0 0.78125 0.8846153846153846 0.08413461538461539 0.2222222222222222
0 0.8629807692307693 0.8931623931623932 0.0673076923076923 0.20512820512820512
0 0.8461538461538461 0.4658119658119658 0.04567307692307692 0.21367521367521367
0 0.90625 0.48717948717948717 0.06009615384615385 0.23504273504273504
0 0.49759615384615385 0.24786324786324787 0.052884615384615384 0.14957264957264957
0 0.35336538461538464 0.2094017094017094 0.03365384615384615 0.12393162393162394
0 0.4254807692307692 0.11965811965811966 0.028846153846153848 0.13675213675213677
0 0.4543269230769231 0.1452991452991453 0.028846153846153848 0.14957264957264957
0 0.5961538461538461 0.08547008547008547 0.021634615384615384 0.11965811965811966
0 0.5769230769230769 0.08547008547008547 0.02403846153846154 0.12393162393162394
0 0.8293269230769231 0.405982905982906 0.040865384615384616 0.1752136752136752
0 0.8533653846153846 0.13675213675213677 0.026442307692307692 0.11965811965811966
0 0.8822115384615384 0.07264957264957266 0.026442307692307692 0.12393162393162394