0 0.09615384615384616 0.4017094017094017 0.0625 0.2222222222222222
0 0.15144230769230768 0.45726495726495725 0.057692307692307696 0.2094017094017094
0 0.18269230769230768 0.5982905982905983 0.08413461538461539 0.24358974358974358
0 0.40865384615384615 0.4700854700854701 0.057692307692307696 0.20512820512820512
0 0.28125 0.23504273504273504 0.055288461538461536 0.1623931623931624
0 0.37740384615384615 0.1452991452991453 0.038461538461538464 0.1452991452991453
0 0.41346153846153844 0.15384615384615385 0.040865384615384616 0.12393162393162394
0 0.4735576923076923 0.14957264957264957 0.04567307692307692 0.1623931623931624
0 0.5168269230769231 0.23076923076923078 0.055288461538461536 0.17094017094017094
0 0.5432692307692307 0.07692307692307693 0.03365384615384615 0.11538461538461539
0 0.5697115384615384 0.07692307692307693 0.036057692307692304 0.1282051282051282
0 0.5985576923076923 0.0811965811965812 0.036057692307692304 0.13675213675213677
0 0.6322115384615384 0.07692307692307693 0.03365384615384615 0.13247863247863248
0 0.7043269230769231 0.1111111111111111 0.04326923076923077 0.14957264957264957
0 0.7596153846153846 0.19230769230769232 0.03365384615384615 0.1581196581196581
0 0.8221153846153846 0.1623931623931624 0.038461538461538464 0.14102564102564102
0 0.8533653846153846 0.14957264957264957 0.028846153846153848 0.13675213675213677
0 0.8725961538461539 0.18803418803418803 0.03125 0.13675213675213677
0 0.9110576923076923 0.17094017094017094 0.03125 0.14957264957264957
0 0.9447115384615384 0.29914529914529914 0.036057692307692304 0.1752136752136752
0 0.8461538461538461 0.6282051282051282 0.06490384615384616 0.2264957264957265
0 0.9086538461538461 0.7606837606837606 0.06490384615384616 0.20085470085470086