0 0.055288461538461536 0.5128205128205128 0.038461538461538464 0.19658119658119658
0 0.2956730769230769 0.47863247863247865 0.04807692307692308 0.20085470085470086
0 0.125 0.358974358974359 0.052884615384615384 0.1752136752136752
0 0.22355769230769232 0.3547008547008547 0.040865384615384616 0.1581196581196581
0 0.25 0.25213675213675213 0.036057692307692304 0.14957264957264957
0 0.28365384615384615 0.25213675213675213 0.038461538461538464 0.1581196581196581
0 0.3557692307692308 0.1794871794871795 0.028846153846153848 0.1452991452991453
0 0.59375 0.15384615384615385 0.02403846153846154 0.13675213675213677
0 0.6225961538461539 0.1623931623931624 0.028846153846153848 0.14102564102564102
0 0.7235576923076923 0.1752136752136752 0.026442307692307692 0.13675213675213677
0 0.7403846153846154 0.14102564102564102 0.028846153846153848 0.1282051282051282
0 0.8293269230769231 0.18803418803418803 0.03125 0.13247863247863248
0 0.8870192307692307 0.24786324786324787 0.036057692307692304 0.1623931623931624
0 0.9254807692307693 0.25213675213675213 0.03365384615384615 0.14957264957264957
0 0.8942307692307693 0.32051282051282054 0.03125 0.16666666666666666
0 0.9278846153846154 0.45726495726495725 0.03125 0.18376068376068377
0 0.9495192307692307 0.34615384615384615 0.038461538461538464 0.15384615384615385
0 0.8701923076923077 0.5811965811965812 0.04807692307692308 0.2264957264957265
0 0.7307692307692307 0.7649572649572649 0.0625 0.26495726495726496
0 0.8052884615384616 0.8076923076923077 0.04567307692307692 0.2606837606837607