0 0.040865384615384616 0.5 0.055288461538461536 0.2094017094017094
0 0.021634615384615384 0.452991452991453 0.040865384615384616 0.2094017094017094
0 0.19471153846153846 0.41452991452991456 0.0673076923076923 0.21367521367521367
0 0.3317307692307692 0.23504273504273504 0.038461538461538464 0.16666666666666666
0 0.4495192307692308 0.1111111111111111 0.038461538461538464 0.16666666666666666
0 0.9086538461538461 0.43162393162393164 0.0625 0.24786324786324787
0 0.9567307692307693 0.4658119658119658 0.038461538461538464 0.24786324786324787
0 0.7235576923076923 0.905982905982906 0.07932692307692307 0.1794871794871795
0 0.8052884615384616 0.9145299145299145 0.06971153846153846 0.1581196581196581
0 0.5504807692307693 0.04700854700854701 0.03125 0.09401709401709402
0 0.9278846153846154 0.2094017094017094 0.04567307692307692 0.18376068376068377