0 0.125 0.3333333333333333 0.04326923076923077 0.18376068376068377
0 0.33413461538461536 0.18376068376068377 0.03365384615384615 0.13247863247863248
0 0.3701923076923077 0.18803418803418803 0.028846153846153848 0.12393162393162394
0 0.28125 0.5897435897435898 0.04807692307692308 0.21794871794871795
0 0.46153846153846156 0.3247863247863248 0.036057692307692304 0.1581196581196581
0 0.6033653846153846 0.36324786324786323 0.03365384615384615 0.14102564102564102
0 0.6225961538461539 0.48717948717948717 0.03365384615384615 0.21794871794871795
0 0.3798076923076923 0.9230769230769231 0.06490384615384616 0.14957264957264957
0 0.4567307692307692 0.9358974358974359 0.0673076923076923 0.11965811965811966
0 0.8774038461538461 0.27350427350427353 0.03125 0.1623931623931624
0 0.9038461538461539 0.3162393162393162 0.03125 0.1623931623931624
0 0.9519230769230769 0.34615384615384615 0.036057692307692304 0.17094017094017094
0 0.9639423076923077 0.24786324786324787 0.03125 0.13247863247863248
0 0.9230769230769231 0.28205128205128205 0.02403846153846154 0.1452991452991453
0 0.8509615384615384 0.08974358974358974 0.03365384615384615 0.11965811965811966