0 0.026442307692307692 0.46153846153846156 0.052884615384615384 0.20512820512820512
0 0.25 0.23931623931623933 0.040865384615384616 0.17094017094017094
0 0.38221153846153844 0.5982905982905983 0.0673076923076923 0.25213675213675213
0 0.4543269230769231 0.8547008547008547 0.08413461538461539 0.2777777777777778
0 0.4639423076923077 0.23931623931623933 0.04326923076923077 0.17094017094017094
0 0.5 0.23931623931623933 0.038461538461538464 0.19658119658119658
0 0.53125 0.11538461538461539 0.03365384615384615 0.14957264957264957
0 0.5552884615384616 0.04700854700854701 0.03125 0.09401709401709402
0 0.5841346153846154 0.05128205128205128 0.03125 0.10256410256410256
0 0.7932692307692307 0.0641025641025641 0.052884615384615384 0.1282051282051282
0 0.8725961538461539 0.13675213675213677 0.036057692307692304 0.1452991452991453
0 0.8846153846153846 0.8461538461538461 0.06490384615384616 0.2094017094017094
0 0.8990384615384616 0.7307692307692307 0.052884615384615384 0.11538461538461539