0 0.03125 0.47435897435897434 0.05048076923076923 0.2222222222222222
0 0.07932692307692307 0.47435897435897434 0.055288461538461536 0.23931623931623933
0 0.11778846153846154 0.3162393162393162 0.03125 0.19658119658119658
0 0.1466346153846154 0.33760683760683763 0.026442307692307692 0.1752136752136752
0 0.17548076923076922 0.34615384615384615 0.03365384615384615 0.17094017094017094
0 0.25961538461538464 0.2692307692307692 0.026442307692307692 0.17094017094017094
0 0.28846153846153844 0.2777777777777778 0.028846153846153848 0.17094017094017094
0 0.3870192307692308 0.3974358974358974 0.04807692307692308 0.20512820512820512
0 0.43028846153846156 0.405982905982906 0.04567307692307692 0.2094017094017094
0 0.47596153846153844 0.11965811965811966 0.036057692307692304 0.13247863247863248
0 0.40865384615384615 0.11965811965811966 0.038461538461538464 0.12393162393162394
0 0.7115384615384616 0.2222222222222222 0.04326923076923077 0.14957264957264957
0 0.7355769230769231 0.34615384615384615 0.04567307692307692 0.1794871794871795
0 0.5817307692307693 0.594017094017094 0.055288461538461536 0.23076923076923078
0 0.7211538461538461 0.9188034188034188 0.08413461538461539 0.1581196581196581
0 0.8076923076923077 0.9273504273504274 0.08173076923076923 0.13675213675213677
0 0.8677884615384616 0.06196581196581197 0.03365384615384615 0.12393162393162394
0 0.8990384615384616 0.08974358974358974 0.028846153846153848 0.12393162393162394