0 0.4110576923076923 0.36324786324786323 0.05048076923076923 0.21367521367521367
0 0.5625 0.8504273504273504 0.07692307692307693 0.2692307692307692
0 0.8173076923076923 0.9487179487179487 0.06009615384615385 0.09401709401709402
0 0.7644230769230769 0.6538461538461539 0.06490384615384616 0.25213675213675213
0 0.9158653846153846 0.5641025641025641 0.0625 0.2564102564102564
0 0.5144230769230769 0.18803418803418803 0.036057692307692304 0.14102564102564102
0 0.4423076923076923 0.17094017094017094 0.038461538461538464 0.14957264957264957
0 0.40865384615384615 0.13247863247863248 0.03365384615384615 0.11965811965811966
0 0.5480769230769231 0.18803418803418803 0.03365384615384615 0.1581196581196581
0 0.7740384615384616 0.1623931623931624 0.036057692307692304 0.15384615384615385
0 0.8125 0.16666666666666666 0.03365384615384615 0.1623931623931624
0 0.8293269230769231 0.10683760683760683 0.026442307692307692 0.11965811965811966
0 0.6730769230769231 0.07692307692307693 0.03125 0.1282051282051282