0 0.036057692307692304 0.405982905982906 0.03125 0.1794871794871795
0 0.06490384615384616 0.4188034188034188 0.036057692307692304 0.18376068376068377
0 0.1201923076923077 0.4188034188034188 0.036057692307692304 0.17094017094017094
0 0.15625 0.4230769230769231 0.036057692307692304 0.17094017094017094
0 0.15144230769230768 0.32905982905982906 0.038461538461538464 0.17094017094017094
0 0.2860576923076923 0.28205128205128205 0.03125 0.1623931623931624
0 0.3894230769230769 0.19658119658119658 0.036057692307692304 0.1282051282051282
0 0.4230769230769231 0.3247863247863248 0.03125 0.1794871794871795
0 0.45913461538461536 0.32051282051282054 0.03365384615384615 0.17094017094017094
0 0.5408653846153846 0.2222222222222222 0.03125 0.1452991452991453
0 0.6081730769230769 0.3547008547008547 0.04326923076923077 0.17094017094017094
0 0.8052884615384616 0.44871794871794873 0.05048076923076923 0.19658119658119658
0 0.8365384615384616 0.594017094017094 0.036057692307692304 0.21367521367521367
0 0.8485576923076923 0.4700854700854701 0.040865384615384616 0.1752136752136752
0 0.8774038461538461 0.6239316239316239 0.04326923076923077 0.23931623931623933
0 0.8605769230769231 0.7735042735042735 0.05048076923076923 0.19230769230769232
0 0.8533653846153846 0.905982905982906 0.055288461538461536 0.1794871794871795
0 0.9182692307692307 0.49145299145299143 0.03365384615384615 0.18376068376068377
0 0.9423076923076923 0.5256410256410257 0.040865384615384616 0.1752136752136752
0 0.9399038461538461 0.6025641025641025 0.036057692307692304 0.18376068376068377
0 0.8028846153846154 0.08974358974358974 0.028846153846153848 0.12393162393162394
0 0.8557692307692307 0.1452991452991453 0.026442307692307692 0.13247863247863248
0 0.8846153846153846 0.14957264957264957 0.026442307692307692 0.13247863247863248
0 0.5528846153846154 0.049145299145299144 0.02403846153846154 0.09829059829059829