0 0.2980769230769231 0.21794871794871795 0.05048076923076923 0.16666666666666666
0 0.40384615384615385 0.2094017094017094 0.052884615384615384 0.13675213675213677
0 0.40384615384615385 0.12393162393162394 0.04567307692307692 0.11965811965811966
0 0.4855769230769231 0.1282051282051282 0.03125 0.12393162393162394
0 0.5288461538461539 0.1282051282051282 0.040865384615384616 0.13247863247863248
0 0.44471153846153844 0.09401709401709402 0.038461538461538464 0.1452991452991453
0 0.5673076923076923 0.13247863247863248 0.028846153846153848 0.14957264957264957
0 0.59375 0.14957264957264957 0.038461538461538464 0.14102564102564102
0 0.6274038461538461 0.19230769230769232 0.052884615384615384 0.15384615384615385
0 0.43028846153846156 0.6923076923076923 0.0673076923076923 0.2692307692307692
0 0.5985576923076923 0.07264957264957266 0.038461538461538464 0.1452991452991453
0 0.8197115384615384 0.11538461538461539 0.040865384615384616 0.16666666666666666
0 0.8894230769230769 0.2222222222222222 0.036057692307692304 0.16666666666666666
0 0.9350961538461539 0.24358974358974358 0.038461538461538464 0.1452991452991453
0 0.96875 0.25213675213675213 0.028846153846153848 0.1623931623931624
0 0.8894230769230769 0.4230769230769231 0.05048076923076923 0.18376068376068377
0 0.8629807692307693 0.5641025641025641 0.06009615384615385 0.24358974358974358
0 0.9302884615384616 0.5641025641025641 0.05048076923076923 0.23931623931623933
0 0.7043269230769231 0.8162393162393162 0.06971153846153846 0.3247863247863248
0 0.7644230769230769 0.8247863247863247 0.0673076923076923 0.2777777777777778
0 0.8028846153846154 0.7094017094017094 0.06490384615384616 0.2692307692307692
0 0.8365384615384616 0.9401709401709402 0.07692307692307693 0.1111111111111111