0 0.13701923076923078 0.38461538461538464 0.036057692307692304 0.17094017094017094
0 0.020432692307692308 0.44871794871794873 0.040865384615384616 0.2222222222222222
0 0.15384615384615385 0.31196581196581197 0.038461538461538464 0.1581196581196581
0 0.30288461538461536 0.6452991452991453 0.04807692307692308 0.24358974358974358
0 0.35096153846153844 0.7051282051282052 0.05048076923076923 0.23931623931623933
0 0.2644230769230769 0.9316239316239316 0.06971153846153846 0.13247863247863248
0 0.32211538461538464 0.5042735042735043 0.04326923076923077 0.17094017094017094
0 0.29086538461538464 0.4188034188034188 0.038461538461538464 0.1623931623931624
0 0.36538461538461536 0.39316239316239315 0.04326923076923077 0.18376068376068377
0 0.5360576923076923 0.2606837606837607 0.038461538461538464 0.1794871794871795
0 0.5 0.23931623931623933 0.036057692307692304 0.17094017094017094
0 0.36538461538461536 0.1794871794871795 0.036057692307692304 0.1452991452991453
0 0.6153846153846154 0.49145299145299143 0.04567307692307692 0.2264957264957265
0 0.8221153846153846 0.8760683760683761 0.07692307692307693 0.23504273504273504
0 0.8894230769230769 0.5341880341880342 0.06971153846153846 0.24786324786324787
0 0.7475961538461539 0.24786324786324787 0.03125 0.1581196581196581
0 0.78125 0.26495726495726496 0.03365384615384615 0.15384615384615385
0 0.6682692307692307 0.12393162393162394 0.028846153846153848 0.1282051282051282
0 0.6850961538461539 0.08974358974358974 0.026442307692307692 0.14102564102564102
0 0.7019230769230769 0.11965811965811966 0.019230769230769232 0.13247863247863248
0 0.5144230769230769 0.1111111111111111 0.021634615384615384 0.13675213675213677
0 0.5360576923076923 0.11538461538461539 0.021634615384615384 0.12393162393162394
0 0.4735576923076923 0.0811965811965812 0.03125 0.13675213675213677
0 0.6346153846153846 0.04487179487179487 0.02403846153846154 0.08974358974358974
0 0.8365384615384616 0.14957264957264957 0.021634615384615384 0.11538461538461539
0 0.8341346153846154 0.09829059829059829 0.026442307692307692 0.10256410256410256
0 0.8557692307692307 0.11538461538461539 0.021634615384615384 0.1282051282051282