0 0.021634615384615384 0.47435897435897434 0.04326923076923077 0.21794871794871795
0 0.08173076923076923 0.36752136752136755 0.057692307692307696 0.19658119658119658
0 0.16826923076923078 0.358974358974359 0.036057692307692304 0.20512820512820512
0 0.19471153846153846 0.3717948717948718 0.040865384615384616 0.18376068376068377
0 0.23076923076923078 0.33760683760683763 0.040865384615384616 0.18376068376068377
0 0.22115384615384615 0.24358974358974358 0.028846153846153848 0.1452991452991453
0 0.24278846153846154 0.27350427350427353 0.038461538461538464 0.1623931623931624
0 0.38461538461538464 0.18803418803418803 0.04567307692307692 0.1452991452991453
0 0.4543269230769231 0.2777777777777778 0.04326923076923077 0.1794871794871795
0 0.4831730769230769 0.28205128205128205 0.04807692307692308 0.18376068376068377
0 0.6586538461538461 0.3418803418803419 0.04326923076923077 0.17094017094017094
0 0.6971153846153846 0.405982905982906 0.04567307692307692 0.19658119658119658
0 0.6875 0.8888888888888888 0.09134615384615384 0.21367521367521367
0 0.5048076923076923 0.06837606837606838 0.03365384615384615 0.11538461538461539
0 0.7692307692307693 0.09401709401709402 0.040865384615384616 0.12393162393162394
0 0.7860576923076923 0.23504273504273504 0.038461538461538464 0.1623931623931624
0 0.9495192307692307 0.47863247863247865 0.052884615384615384 0.2094017094017094
0 0.9495192307692307 0.20512820512820512 0.038461538461538464 0.1581196581196581