0 0.18028846153846154 0.31196581196581197 0.040865384615384616 0.1752136752136752
0 0.27403846153846156 0.2777777777777778 0.040865384615384616 0.14957264957264957
0 0.40625 0.15384615384615385 0.026442307692307692 0.1111111111111111
0 0.4182692307692308 0.1282051282051282 0.02403846153846154 0.11538461538461539
0 0.5264423076923077 0.07692307692307693 0.026442307692307692 0.1282051282051282
0 0.6057692307692307 0.14957264957264957 0.02403846153846154 0.13247863247863248
0 0.6394230769230769 0.1581196581196581 0.028846153846153848 0.1282051282051282
0 0.5625 0.06837606837606838 0.02403846153846154 0.12393162393162394
0 0.5913461538461539 0.049145299145299144 0.02403846153846154 0.09829059829059829
0 0.625 0.05982905982905983 0.016826923076923076 0.10256410256410256
0 0.6201923076923077 0.49145299145299143 0.040865384615384616 0.21794871794871795
0 0.7884615384615384 0.594017094017094 0.04807692307692308 0.2692307692307692
0 0.9134615384615384 0.6282051282051282 0.052884615384615384 0.2222222222222222
0 0.8004807692307693 0.23076923076923078 0.03365384615384615 0.1794871794871795
0 0.8557692307692307 0.18803418803418803 0.026442307692307692 0.1452991452991453
0 0.9735576923076923 0.23931623931623933 0.019230769230769232 0.15384615384615385