0 0.18990384615384615 0.5085470085470085 0.055288461538461536 0.20085470085470086
0 0.24278846153846154 0.5213675213675214 0.0625 0.2222222222222222
0 0.18509615384615385 0.38461538461538464 0.055288461538461536 0.19230769230769232
0 0.4495192307692308 0.2564102564102564 0.06009615384615385 0.19658119658119658
0 0.5168269230769231 0.5897435897435898 0.055288461538461536 0.23931623931623933
0 0.5745192307692307 0.594017094017094 0.0673076923076923 0.2564102564102564
0 0.5745192307692307 0.405982905982906 0.04807692307692308 0.19658119658119658
0 0.6850961538461539 0.1282051282051282 0.04326923076923077 0.18376068376068377
0 0.6899038461538461 0.5128205128205128 0.06971153846153846 0.18803418803418803
0 0.8149038461538461 0.41452991452991456 0.05048076923076923 0.19230769230769232
0 0.8269230769230769 0.5427350427350427 0.055288461538461536 0.2264957264957265
0 0.8677884615384616 0.5641025641025641 0.05048076923076923 0.23076923076923078
0 0.9375 0.5470085470085471 0.0673076923076923 0.2094017094017094
0 0.9014423076923077 0.45726495726495725 0.04567307692307692 0.20512820512820512
0 0.8966346153846154 0.3333333333333333 0.04807692307692308 0.14957264957264957