0 0.21394230769230768 0.3547008547008547 0.05048076923076923 0.19658119658119658
0 0.25240384615384615 0.24358974358974358 0.036057692307692304 0.1581196581196581
0 0.28846153846153844 0.5213675213675214 0.05048076923076923 0.2264957264957265
0 0.3629807692307692 0.1581196581196581 0.026442307692307692 0.12393162393162394
0 0.3918269230769231 0.15384615384615385 0.02403846153846154 0.13247863247863248
0 0.40865384615384615 0.16666666666666666 0.021634615384615384 0.1111111111111111
0 0.4326923076923077 0.19658119658119658 0.02403846153846154 0.1452991452991453
0 0.5 0.18803418803418803 0.028846153846153848 0.13247863247863248
0 0.5144230769230769 0.2905982905982906 0.028846153846153848 0.1623931623931624
0 0.5456730769230769 0.2564102564102564 0.026442307692307692 0.15384615384615385
0 0.6129807692307693 0.13247863247863248 0.02403846153846154 0.14102564102564102
0 0.5048076923076923 0.0641025641025641 0.026442307692307692 0.11538461538461539
0 0.6105769230769231 0.3418803418803419 0.03365384615384615 0.12393162393162394
0 0.5793269230769231 0.4700854700854701 0.03365384615384615 0.20085470085470086
0 0.6201923076923077 0.49145299145299143 0.036057692307692304 0.21367521367521367
0 0.6634615384615384 0.49572649572649574 0.040865384615384616 0.19230769230769232
0 0.78125 0.4358974358974359 0.04326923076923077 0.18803418803418803
0 0.8269230769230769 0.45726495726495725 0.040865384615384616 0.18376068376068377
0 0.9495192307692307 0.5683760683760684 0.03365384615384615 0.1452991452991453
0 0.96875 0.23931623931623933 0.026442307692307692 0.1623931623931624
0 0.7283653846153846 0.04700854700854701 0.021634615384615384 0.09401709401709402
0 0.6322115384615384 0.0641025641025641 0.026442307692307692 0.11538461538461539