0 0.22596153846153846 0.5170940170940171 0.06490384615384616 0.23504273504273504
0 0.5336538461538461 0.45726495726495725 0.06009615384615385 0.2264957264957265
0 0.8004807692307693 0.6153846153846154 0.06009615384615385 0.24358974358974358
0 0.10576923076923077 0.5427350427350427 0.052884615384615384 0.2222222222222222
0 0.0673076923076923 0.46153846153846156 0.04326923076923077 0.20085470085470086
0 0.23557692307692307 0.2863247863247863 0.057692307692307696 0.1794871794871795
0 0.09615384615384616 0.5 0.04326923076923077 0.2094017094017094
0 0.40384615384615385 0.14102564102564102 0.03365384615384615 0.1452991452991453
0 0.4375 0.15384615384615385 0.028846153846153848 0.1752136752136752
0 0.4495192307692308 0.11965811965811966 0.038461538461538464 0.1581196581196581
0 0.5096153846153846 0.23076923076923078 0.05048076923076923 0.1752136752136752
0 0.5600961538461539 0.20512820512820512 0.03365384615384615 0.15384615384615385
0 0.8461538461538461 0.07692307692307693 0.036057692307692304 0.13247863247863248
0 0.9543269230769231 0.358974358974359 0.05048076923076923 0.21367521367521367
0 0.7740384615384616 0.0641025641025641 0.021634615384615384 0.1282051282051282
0 0.7475961538461539 0.0641025641025641 0.02403846153846154 0.12393162393162394
0 0.7211538461538461 0.053418803418803416 0.03365384615384615 0.10683760683760683
0 0.5961538461538461 0.057692307692307696 0.038461538461538464 0.11538461538461539