0 0.21394230769230768 0.26495726495726496 0.05048076923076923 0.19658119658119658
0 0.24278846153846154 0.2948717948717949 0.04567307692307692 0.19230769230769232
0 0.27403846153846156 0.26495726495726496 0.03365384615384615 0.16666666666666666
0 0.2956730769230769 0.2863247863247863 0.038461538461538464 0.1581196581196581
0 0.32211538461538464 0.20085470085470086 0.038461538461538464 0.14957264957264957
0 0.38221153846153844 0.3418803418803419 0.057692307692307696 0.19230769230769232
0 0.43509615384615385 0.25213675213675213 0.04326923076923077 0.19230769230769232
0 0.4206730769230769 0.14102564102564102 0.038461538461538464 0.13247863247863248
0 0.5192307692307693 0.07692307692307693 0.03365384615384615 0.11538461538461539
0 0.5504807692307693 0.11538461538461539 0.040865384615384616 0.1282051282051282
0 0.5432692307692307 0.2606837606837607 0.05048076923076923 0.1752136752136752
0 0.5913461538461539 0.2863247863247863 0.052884615384615384 0.2222222222222222
0 0.6850961538461539 0.2264957264957265 0.04567307692307692 0.14957264957264957
0 0.7716346153846154 0.21794871794871795 0.04567307692307692 0.1623931623931624
0 0.8173076923076923 0.905982905982906 0.07932692307692307 0.1794871794871795
0 0.8125 0.12393162393162394 0.040865384615384616 0.14102564102564102
0 0.8677884615384616 0.09829059829059829 0.038461538461538464 0.14102564102564102
0 0.9375 0.2905982905982906 0.052884615384615384 0.17094017094017094