0 0.04807692307692308 0.49572649572649574 0.04326923076923077 0.17094017094017094
0 0.08413461538461539 0.49572649572649574 0.040865384615384616 0.18376068376068377
0 0.12740384615384615 0.6282051282051282 0.05048076923076923 0.2264957264957265
0 0.125 0.3247863247863248 0.038461538461538464 0.1581196581196581
0 0.16826923076923078 0.3418803418803419 0.04326923076923077 0.1623931623931624
0 0.19951923076923078 0.3547008547008547 0.03125 0.1623931623931624
0 0.23798076923076922 0.26495726495726496 0.03125 0.16666666666666666
0 0.3293269230769231 0.23931623931623933 0.028846153846153848 0.12393162393162394
0 0.5 0.23931623931623933 0.03125 0.15384615384615385
0 0.5288461538461539 0.2564102564102564 0.026442307692307692 0.1452991452991453
0 0.6177884615384616 0.18803418803418803 0.03125 0.14102564102564102
0 0.6634615384615384 0.2692307692307692 0.03125 0.1581196581196581
0 0.78125 0.5641025641025641 0.04807692307692308 0.2264957264957265
0 0.8125 0.7307692307692307 0.04567307692307692 0.23076923076923078
0 0.8365384615384616 0.5726495726495726 0.04326923076923077 0.19230769230769232
0 0.875 0.782051282051282 0.06009615384615385 0.2564102564102564
0 0.8966346153846154 0.6324786324786325 0.040865384615384616 0.20085470085470086
0 0.9110576923076923 0.4829059829059829 0.057692307692307696 0.1752136752136752
0 0.9399038461538461 0.36752136752136755 0.038461538461538464 0.15384615384615385
0 0.9158653846153846 0.18376068376068377 0.026442307692307692 0.1282051282051282
0 0.96875 0.21794871794871795 0.028846153846153848 0.15384615384615385
0 0.8725961538461539 0.1794871794871795 0.028846153846153848 0.13675213675213677
0 0.8149038461538461 0.05555555555555555 0.028846153846153848 0.1111111111111111