0 0.12980769230769232 0.3333333333333333 0.06009615384615385 0.19658119658119658
0 0.40384615384615385 0.6410256410256411 0.07211538461538461 0.2564102564102564
0 0.32211538461538464 0.25213675213675213 0.03365384615384615 0.1752136752136752
0 0.3894230769230769 0.19230769230769232 0.028846153846153848 0.1282051282051282
0 0.7403846153846154 0.4230769230769231 0.04567307692307692 0.18803418803418803
0 0.7908653846153846 0.4358974358974359 0.05048076923076923 0.18803418803418803
0 0.8653846153846154 0.4444444444444444 0.040865384615384616 0.18376068376068377
0 0.9014423076923077 0.452991452991453 0.026442307692307692 0.18803418803418803
0 0.9423076923076923 0.44017094017094016 0.03365384615384615 0.18803418803418803
0 0.5504807692307693 0.07692307692307693 0.028846153846153848 0.1111111111111111
0 0.5913461538461539 0.07264957264957266 0.026442307692307692 0.11965811965811966