0 0.0673076923076923 0.452991452991453 0.040865384615384616 0.18803418803418803
0 0.2932692307692308 0.44871794871794873 0.04567307692307692 0.18376068376068377
0 0.6201923076923077 0.49572649572649574 0.036057692307692304 0.2264957264957265
0 0.3557692307692308 0.7692307692307693 0.0625 0.23504273504273504
0 0.6153846153846154 0.9316239316239316 0.0673076923076923 0.1282051282051282
0 0.8341346153846154 0.8974358974358975 0.0673076923076923 0.19658119658119658
0 0.7211538461538461 0.3974358974358974 0.052884615384615384 0.20512820512820512
0 0.39663461538461536 0.16666666666666666 0.028846153846153848 0.10683760683760683
0 0.46634615384615385 0.14102564102564102 0.026442307692307692 0.13247863247863248
0 0.4423076923076923 0.11538461538461539 0.026442307692307692 0.13247863247863248
0 0.5048076923076923 0.11538461538461539 0.026442307692307692 0.11538461538461539
0 0.6153846153846154 0.1282051282051282 0.02403846153846154 0.10683760683760683
0 0.5721153846153846 0.05555555555555555 0.019230769230769232 0.10256410256410256
0 0.5528846153846154 0.12393162393162394 0.021634615384615384 0.1282051282051282
0 0.6442307692307693 0.0811965811965812 0.026442307692307692 0.11538461538461539
0 0.6971153846153846 0.06837606837606838 0.019230769230769232 0.11538461538461539
0 0.6153846153846154 0.05555555555555555 0.016826923076923076 0.0641025641025641
0 0.4855769230769231 0.05982905982905983 0.016826923076923076 0.10256410256410256
0 0.5288461538461539 0.05982905982905983 0.021634615384615384 0.1111111111111111
0 0.9134615384615384 0.42735042735042733 0.040865384615384616 0.21794871794871795