0 0.014423076923076924 0.5213675213675214 0.028846153846153848 0.20512820512820512
0 0.2283653846153846 0.3162393162393162 0.04567307692307692 0.1794871794871795
0 0.28125 0.23931623931623933 0.03125 0.1452991452991453
0 0.3581730769230769 0.5341880341880342 0.04326923076923077 0.2094017094017094
0 0.4014423076923077 0.5598290598290598 0.040865384615384616 0.23076923076923078
0 0.5552884615384616 0.38461538461538464 0.03125 0.18376068376068377
0 0.3918269230769231 0.3333333333333333 0.03125 0.19658119658119658
0 0.46875 0.15384615384615385 0.038461538461538464 0.14957264957264957
0 0.4230769230769231 0.11965811965811966 0.028846153846153848 0.13675213675213677
0 0.6033653846153846 0.1623931623931624 0.026442307692307692 0.14957264957264957
0 0.5504807692307693 0.2606837606837607 0.036057692307692304 0.1111111111111111
0 0.7788461538461539 0.10256410256410256 0.02403846153846154 0.09401709401709402
0 0.8629807692307693 0.3803418803418803 0.04807692307692308 0.1752136752136752
0 0.9086538461538461 0.5085470085470085 0.057692307692307696 0.23076923076923078
0 0.7355769230769231 0.5598290598290598 0.038461538461538464 0.2264957264957265
0 0.6923076923076923 0.5427350427350427 0.038461538461538464 0.18803418803418803
0 0.6201923076923077 0.49145299145299143 0.038461538461538464 0.21794871794871795
0 0.7091346153846154 0.4230769230769231 0.04567307692307692 0.18803418803418803
0 0.7451923076923077 0.8632478632478633 0.0673076923076923 0.2692307692307692
0 0.8245192307692307 0.8675213675213675 0.06009615384615385 0.2564102564102564