0 0.16346153846153846 0.6111111111111112 0.04807692307692308 0.2264957264957265
0 0.20673076923076922 0.6282051282051282 0.04567307692307692 0.2222222222222222
0 0.16105769230769232 0.36324786324786323 0.036057692307692304 0.18803418803418803
0 0.1875 0.3803418803418803 0.03365384615384615 0.19230769230769232
0 0.2692307692307692 0.28205128205128205 0.03125 0.1282051282051282
0 0.2956730769230769 0.2863247863247863 0.03125 0.1452991452991453
0 0.35336538461538464 0.36324786324786323 0.028846153846153848 0.17094017094017094
0 0.39663461538461536 0.688034188034188 0.057692307692307696 0.23504273504273504
0 0.7307692307692307 0.23931623931623933 0.03125 0.14957264957264957
0 0.41586538461538464 0.1452991452991453 0.026442307692307692 0.1282051282051282
0 0.46634615384615385 0.15384615384615385 0.021634615384615384 0.13247863247863248
0 0.4879807692307692 0.1111111111111111 0.028846153846153848 0.10683760683760683
0 0.5288461538461539 0.10683760683760683 0.019230769230769232 0.12393162393162394
0 0.75 0.09401709401709402 0.019230769230769232 0.13247863247863248
0 0.8942307692307693 0.26495726495726496 0.03365384615384615 0.1581196581196581
0 0.9423076923076923 0.28205128205128205 0.026442307692307692 0.1452991452991453
0 0.9519230769230769 0.36752136752136755 0.038461538461538464 0.21794871794871795
0 0.9182692307692307 0.44017094017094016 0.02403846153846154 0.1752136752136752
0 0.8990384615384616 0.6153846153846154 0.057692307692307696 0.24358974358974358
0 0.8004807692307693 0.5641025641025641 0.036057692307692304 0.2094017094017094
0 0.7211538461538461 0.9017094017094017 0.057692307692307696 0.18803418803418803
0 0.84375 0.905982905982906 0.0625 0.1794871794871795
0 0.7139423076923077 0.042735042735042736 0.019230769230769232 0.08547008547008547