0 0.10096153846153846 0.8803418803418803 0.0625 0.2264957264957265
0 0.2668269230769231 0.23076923076923078 0.03365384615384615 0.16666666666666666
0 0.33413461538461536 0.23076923076923078 0.021634615384615384 0.1282051282051282
0 0.3581730769230769 0.1752136752136752 0.028846153846153848 0.1282051282051282
0 0.6009615384615384 0.19230769230769232 0.028846153846153848 0.1452991452991453
0 0.6298076923076923 0.20085470085470086 0.03125 0.14957264957264957
0 0.6225961538461539 0.49572649572649574 0.040865384615384616 0.2222222222222222
0 0.8581730769230769 0.44871794871794873 0.04567307692307692 0.21367521367521367
0 0.9495192307692307 0.5128205128205128 0.038461538461538464 0.19230769230769232
0 0.8413461538461539 0.15384615384615385 0.038461538461538464 0.14957264957264957
0 0.5721153846153846 0.10256410256410256 0.03125 0.12393162393162394
0 0.5997596153846154 0.04487179487179487 0.021634615384615384 0.08974358974358974
0 0.6225961538461539 0.03205128205128205 0.02403846153846154 0.0641025641025641
0 0.9639423076923077 0.21794871794871795 0.038461538461538464 0.14102564102564102