0 0.12740384615384615 0.4444444444444444 0.06009615384615385 0.20512820512820512
0 0.1778846153846154 0.3034188034188034 0.036057692307692304 0.17094017094017094
0 0.3942307692307692 0.41452991452991456 0.04326923076923077 0.20512820512820512
0 0.30528846153846156 0.19658119658119658 0.03365384615384615 0.12393162393162394
0 0.4423076923076923 0.3333333333333333 0.038461538461538464 0.18803418803418803
0 0.49278846153846156 0.29914529914529914 0.040865384615384616 0.1581196581196581
0 0.5072115384615384 0.5042735042735043 0.040865384615384616 0.20512820512820512
0 0.6177884615384616 0.49572649572649574 0.04326923076923077 0.2222222222222222
0 0.47836538461538464 0.16666666666666666 0.026442307692307692 0.1581196581196581
0 0.4495192307692308 0.14957264957264957 0.026442307692307692 0.11538461538461539
0 0.42788461538461536 0.13247863247863248 0.021634615384615384 0.14102564102564102
0 0.5528846153846154 0.12393162393162394 0.02403846153846154 0.11965811965811966
0 0.6057692307692307 0.1111111111111111 0.03125 0.13247863247863248
0 0.6610576923076923 0.5170940170940171 0.04326923076923077 0.20512820512820512
0 0.7043269230769231 0.5384615384615384 0.05048076923076923 0.18803418803418803
0 0.6634615384615384 0.36752136752136755 0.036057692307692304 0.13675213675213677
0 0.7163461538461539 0.3974358974358974 0.038461538461538464 0.17094017094017094
0 0.9182692307692307 0.5598290598290598 0.055288461538461536 0.2264957264957265
0 0.9495192307692307 0.3162393162393162 0.05048076923076923 0.19230769230769232
0 0.6754807692307693 0.08974358974358974 0.028846153846153848 0.13675213675213677
0 0.6490384615384616 0.05982905982905983 0.021634615384615384 0.10256410256410256
0 0.7692307692307693 0.05982905982905983 0.02403846153846154 0.10683760683760683
0 0.44711538461538464 0.07264957264957266 0.019230769230769232 0.05128205128205128