0 0.16826923076923078 0.3162393162393162 0.04807692307692308 0.19658119658119658
0 0.21875 0.31196581196581197 0.052884615384615384 0.2094017094017094
0 0.2860576923076923 0.3717948717948718 0.06009615384615385 0.21367521367521367
0 0.31971153846153844 0.4658119658119658 0.0625 0.2222222222222222
0 0.44711538461538464 0.3717948717948718 0.055288461538461536 0.18376068376068377
0 0.45913461538461536 0.2863247863247863 0.05048076923076923 0.17094017094017094
0 0.3389423076923077 0.20512820512820512 0.04567307692307692 0.13675213675213677
0 0.3173076923076923 0.24786324786324787 0.038461538461538464 0.08547008547008547
0 0.44471153846153844 0.13247863247863248 0.038461538461538464 0.13247863247863248
0 0.5096153846153846 0.11965811965811966 0.038461538461538464 0.14102564102564102
0 0.875 0.8162393162393162 0.0985576923076923 0.28205128205128205
0 0.8966346153846154 0.36324786324786323 0.04326923076923077 0.19658119658119658
0 0.7139423076923077 0.25213675213675213 0.05048076923076923 0.19230769230769232
0 0.8461538461538461 0.15384615384615385 0.036057692307692304 0.14102564102564102
0 0.8125 0.14957264957264957 0.03365384615384615 0.1452991452991453
0 0.7740384615384616 0.11965811965811966 0.038461538461538464 0.1282051282051282
0 0.6658653846153846 0.057692307692307696 0.03365384615384615 0.11538461538461539
0 0.6346153846153846 0.057692307692307696 0.03365384615384615 0.11538461538461539
0 0.6057692307692307 0.057692307692307696 0.03365384615384615 0.11538461538461539
0 0.53125 0.0641025641025641 0.026442307692307692 0.11538461538461539