0 0.21875 0.7564102564102564 0.052884615384615384 0.23931623931623933
0 0.1778846153846154 0.6837606837606838 0.03365384615384615 0.2264957264957265
0 0.14903846153846154 0.47435897435897434 0.04567307692307692 0.18376068376068377
0 0.125 0.4188034188034188 0.040865384615384616 0.18803418803418803
0 0.09615384615384616 0.3888888888888889 0.036057692307692304 0.1581196581196581
0 0.10576923076923077 0.3034188034188034 0.021634615384615384 0.0641025641025641
0 0.29086538461538464 0.2606837606837607 0.028846153846153848 0.14102564102564102
0 0.34134615384615385 0.17094017094017094 0.036057692307692304 0.1282051282051282
0 0.3942307692307692 0.20085470085470086 0.03365384615384615 0.11538461538461539
0 0.42788461538461536 0.28205128205128205 0.038461538461538464 0.1623931623931624
0 0.40384615384615385 0.44871794871794873 0.040865384615384616 0.2094017094017094
0 0.6201923076923077 0.49145299145299143 0.040865384615384616 0.2264957264957265
0 0.5721153846153846 0.2094017094017094 0.038461538461538464 0.1752136752136752
0 0.5144230769230769 0.07692307692307693 0.021634615384615384 0.13247863247863248
0 0.6995192307692307 0.04700854700854701 0.021634615384615384 0.09401709401709402
0 0.8605769230769231 0.6709401709401709 0.055288461538461536 0.23504273504273504
0 0.9134615384615384 0.7008547008547008 0.057692307692307696 0.2606837606837607
0 0.8725961538461539 0.3717948717948718 0.038461538461538464 0.2094017094017094
0 0.9423076923076923 0.27350427350427353 0.036057692307692304 0.1623931623931624