0 0.12740384615384615 0.5897435897435898 0.05048076923076923 0.2222222222222222
0 0.3870192307692308 0.7991452991452992 0.057692307692307696 0.27350427350427353
0 0.6177884615384616 0.7051282051282052 0.07692307692307693 0.2863247863247863
0 0.8365384615384616 0.7393162393162394 0.06490384615384616 0.2777777777777778
0 0.9134615384615384 0.5299145299145299 0.055288461538461536 0.23931623931623933
0 0.3317307692307692 0.2222222222222222 0.03125 0.14957264957264957
0 0.39663461538461536 0.1581196581196581 0.028846153846153848 0.1282051282051282
0 0.4567307692307692 0.1623931623931624 0.036057692307692304 0.14957264957264957
0 0.43990384615384615 0.10256410256410256 0.021634615384615384 0.11538461538461539
0 0.3389423076923077 0.1623931623931624 0.021634615384615384 0.09401709401709402
0 0.5288461538461539 0.06837606837606838 0.03125 0.11965811965811966
0 0.7211538461538461 0.09401709401709402 0.021634615384615384 0.11538461538461539
0 0.8629807692307693 0.10256410256410256 0.026442307692307692 0.13247863247863248
0 0.8100961538461539 0.0641025641025641 0.02403846153846154 0.1111111111111111
0 0.8341346153846154 0.07264957264957266 0.026442307692307692 0.1282051282051282