0 0.2403846153846154 0.41025641025641024 0.03365384615384615 0.1752136752136752
0 0.15625 0.3504273504273504 0.038461538461538464 0.17094017094017094
0 0.5552884615384616 0.33760683760683763 0.040865384615384616 0.17094017094017094
0 0.6033653846153846 0.3418803418803419 0.040865384615384616 0.1794871794871795
0 0.5288461538461539 0.6367521367521367 0.04807692307692308 0.2222222222222222
0 0.6201923076923077 0.49572649572649574 0.040865384615384616 0.21794871794871795
0 0.3942307692307692 0.18376068376068377 0.026442307692307692 0.11538461538461539
0 0.47596153846153844 0.07692307692307693 0.02403846153846154 0.14957264957264957
0 0.5096153846153846 0.10683760683760683 0.026442307692307692 0.11538461538461539
0 0.7091346153846154 0.1111111111111111 0.02403846153846154 0.12393162393162394
0 0.8677884615384616 0.09401709401709402 0.028846153846153848 0.1111111111111111
0 0.9735576923076923 0.2264957264957265 0.026442307692307692 0.18376068376068377