0 0.33413461538461536 0.18803418803418803 0.040865384615384616 0.15384615384615385
0 0.46634615384615385 0.24358974358974358 0.036057692307692304 0.1581196581196581
0 0.5 0.2222222222222222 0.038461538461538464 0.13247863247863248
0 0.5 0.29914529914529914 0.03365384615384615 0.19658119658119658
0 0.5793269230769231 0.7735042735042735 0.07211538461538461 0.2777777777777778
0 0.6418269230769231 0.8290598290598291 0.08413461538461539 0.28205128205128205
0 0.7451923076923077 0.23504273504273504 0.040865384615384616 0.1581196581196581
0 0.7764423076923077 0.23504273504273504 0.036057692307692304 0.18803418803418803
0 0.7884615384615384 0.15384615384615385 0.04326923076923077 0.14102564102564102
0 0.5048076923076923 0.11965811965811966 0.040865384615384616 0.13247863247863248
0 0.6442307692307693 0.07264957264957266 0.040865384615384616 0.13675213675213677
0 0.9567307692307693 0.2606837606837607 0.052884615384615384 0.1623931623931624
0 0.7007211538461539 0.057692307692307696 0.040865384615384616 0.11538461538461539