0 0.052884615384615384 0.5042735042735043 0.06490384615384616 0.2264957264957265
0 0.19471153846153846 0.7991452991452992 0.0625 0.2777777777777778
0 0.3173076923076923 0.7435897435897436 0.06971153846153846 0.2692307692307692
0 0.38221153846153844 0.7948717948717948 0.0673076923076923 0.3034188034188034
0 0.21875 0.32051282051282054 0.040865384615384616 0.1752136752136752
0 0.25 0.3333333333333333 0.03365384615384615 0.17094017094017094
0 0.24519230769230768 0.24786324786324787 0.03365384615384615 0.1623931623931624
0 0.2764423076923077 0.24358974358974358 0.038461538461538464 0.1623931623931624
0 0.31009615384615385 0.24358974358974358 0.038461538461538464 0.17094017094017094
0 0.3245192307692308 0.19230769230769232 0.036057692307692304 0.1581196581196581
0 0.4014423076923077 0.15384615384615385 0.026442307692307692 0.13675213675213677
0 0.4254807692307692 0.1752136752136752 0.026442307692307692 0.1452991452991453
0 0.6009615384615384 0.6196581196581197 0.052884615384615384 0.24358974358974358
0 0.8365384615384616 0.5982905982905983 0.057692307692307696 0.2264957264957265
0 0.8942307692307693 0.6111111111111112 0.057692307692307696 0.21794871794871795
0 0.9447115384615384 0.5555555555555556 0.04326923076923077 0.18803418803418803
0 0.7740384615384616 0.23504273504273504 0.040865384615384616 0.18376068376068377
0 0.6033653846153846 0.06196581196581197 0.028846153846153848 0.12393162393162394
0 0.8004807692307693 0.09829059829059829 0.03125 0.1282051282051282
0 0.8557692307692307 0.1282051282051282 0.03365384615384615 0.13675213675213677
0 0.9086538461538461 0.1794871794871795 0.038461538461538464 0.1623931623931624