0 0.04807692307692308 0.8034188034188035 0.07692307692307693 0.24786324786324787
0 0.02403846153846154 0.688034188034188 0.04326923076923077 0.20085470085470086
0 0.019230769230769232 0.5641025641025641 0.038461538461538464 0.2222222222222222
0 0.10336538461538461 0.47435897435897434 0.052884615384615384 0.19658119658119658
0 0.22115384615384615 0.36752136752136755 0.040865384615384616 0.1581196581196581
0 0.25961538461538464 0.23076923076923078 0.040865384615384616 0.1581196581196581
0 0.21634615384615385 0.2777777777777778 0.028846153846153848 0.06837606837606838
0 0.34375 0.358974358974359 0.04567307692307692 0.15384615384615385
0 0.36538461538461536 0.20085470085470086 0.026442307692307692 0.13247863247863248
0 0.43509615384615385 0.19230769230769232 0.03125 0.1581196581196581
0 0.47115384615384615 0.358974358974359 0.04567307692307692 0.19230769230769232
0 0.6177884615384616 0.49145299145299143 0.052884615384615384 0.2222222222222222
0 0.8149038461538461 0.49145299145299143 0.04807692307692308 0.23504273504273504
0 0.9158653846153846 0.5854700854700855 0.04326923076923077 0.21794871794871795
0 0.9495192307692307 0.5811965811965812 0.028846153846153848 0.18376068376068377
0 0.9158653846153846 0.3333333333333333 0.038461538461538464 0.1581196581196581
0 0.6225961538461539 0.14957264957264957 0.040865384615384616 0.1581196581196581
0 0.6586538461538461 0.07692307692307693 0.03125 0.12393162393162394
0 0.5625 0.04700854700854701 0.026442307692307692 0.09401709401709402