0 0.03365384615384615 0.405982905982906 0.04807692307692308 0.19230769230769232
0 0.23076923076923078 0.2948717948717949 0.05048076923076923 0.16666666666666666
0 0.3798076923076923 0.19658119658119658 0.026442307692307692 0.11538461538461539
0 0.4110576923076923 0.1452991452991453 0.028846153846153848 0.13675213675213677
0 0.46153846153846156 0.09401709401709402 0.021634615384615384 0.11965811965811966
0 0.4855769230769231 0.09401709401709402 0.021634615384615384 0.11538461538461539
0 0.5432692307692307 0.11965811965811966 0.02403846153846154 0.11538461538461539
0 0.6586538461538461 0.10683760683760683 0.036057692307692304 0.13675213675213677
0 0.6514423076923077 0.26495726495726496 0.038461538461538464 0.15384615384615385
0 0.6514423076923077 0.5128205128205128 0.055288461538461536 0.20512820512820512
0 0.8004807692307693 0.47863247863247865 0.04567307692307692 0.19230769230769232
0 0.8581730769230769 0.49572649572649574 0.04567307692307692 0.20085470085470086
0 0.9423076923076923 0.5427350427350427 0.04807692307692308 0.1794871794871795
0 0.7211538461538461 0.9358974358974359 0.06490384615384616 0.11965811965811966