0 0.0889423076923077 0.4358974358974359 0.04567307692307692 0.18803418803418803
0 0.057692307692307696 0.405982905982906 0.04326923076923077 0.18803418803418803
0 0.2548076923076923 0.6153846153846154 0.0673076923076923 0.2564102564102564
0 0.34615384615384615 0.8589743589743589 0.07692307692307693 0.27350427350427353
0 0.39663461538461536 0.6111111111111112 0.057692307692307696 0.2222222222222222
0 0.44711538461538464 0.6623931623931624 0.04567307692307692 0.2264957264957265
0 0.33413461538461536 0.41452991452991456 0.04567307692307692 0.20085470085470086
0 0.39663461538461536 0.358974358974359 0.036057692307692304 0.16666666666666666
0 0.1971153846153846 0.2863247863247863 0.038461538461538464 0.14957264957264957
0 0.38461538461538464 0.1623931623931624 0.036057692307692304 0.14102564102564102
0 0.5024038461538461 0.31196581196581197 0.04567307692307692 0.19658119658119658
0 0.6177884615384616 0.49572649572649574 0.04326923076923077 0.21794871794871795
0 0.8653846153846154 0.811965811965812 0.10096153846153846 0.29914529914529914
0 0.9038461538461539 0.47435897435897434 0.06009615384615385 0.23504273504273504
0 0.7644230769230769 0.2905982905982906 0.038461538461538464 0.1623931623931624
0 0.7259615384615384 0.28205128205128205 0.036057692307692304 0.16666666666666666
0 0.5384615384615384 0.19658119658119658 0.036057692307692304 0.14957264957264957
0 0.5192307692307693 0.1282051282051282 0.021634615384615384 0.13675213675213677
0 0.49278846153846156 0.11965811965811966 0.02403846153846154 0.1282051282051282
0 0.46875 0.10256410256410256 0.02403846153846154 0.15384615384615385
0 0.6141826923076923 0.057692307692307696 0.026442307692307692 0.11538461538461539
0 0.6586538461538461 0.1111111111111111 0.03125 0.1282051282051282
0 0.6850961538461539 0.10256410256410256 0.02403846153846154 0.13247863247863248
0 0.7115384615384616 0.07264957264957266 0.021634615384615384 0.13247863247863248
0 0.8197115384615384 0.1282051282051282 0.038461538461538464 0.11965811965811966
0 0.8653846153846154 0.09829059829059829 0.026442307692307692 0.12393162393162394
0 0.8942307692307693 0.09829059829059829 0.03125 0.13247863247863248