0 0.019230769230769232 0.46153846153846156 0.038461538461538464 0.18376068376068377
0 0.0625 0.3974358974358974 0.04567307692307692 0.19658119658119658
0 0.18269230769230768 0.39316239316239315 0.040865384615384616 0.1794871794871795
0 0.18990384615384615 0.3034188034188034 0.040865384615384616 0.14957264957264957
0 0.28365384615384615 0.2264957264957265 0.03125 0.1452991452991453
0 0.32211538461538464 0.2222222222222222 0.03125 0.14102564102564102
0 0.33413461538461536 0.4444444444444444 0.05048076923076923 0.19230769230769232
0 0.7043269230769231 0.8504273504273504 0.0673076923076923 0.2905982905982906
0 0.7716346153846154 0.8760683760683761 0.06009615384615385 0.24358974358974358
0 0.8870192307692307 0.5299145299145299 0.05048076923076923 0.2094017094017094
0 0.9350961538461539 0.405982905982906 0.040865384615384616 0.19230769230769232
0 0.8774038461538461 0.3717948717948718 0.040865384615384616 0.18376068376068377
0 0.8798076923076923 0.26495726495726496 0.038461538461538464 0.15384615384615385
0 0.9158653846153846 0.27350427350427353 0.038461538461538464 0.1581196581196581
0 0.7427884615384616 0.14102564102564102 0.03125 0.12393162393162394
0 0.7908653846153846 0.13247863247863248 0.02403846153846154 0.12393162393162394
0 0.8052884615384616 0.21367521367521367 0.028846153846153848 0.13675213675213677
0 0.38461538461538464 0.14957264957264957 0.028846153846153848 0.14102564102564102
0 0.6129807692307693 0.12393162393162394 0.028846153846153848 0.12393162393162394
0 0.6466346153846154 0.1282051282051282 0.028846153846153848 0.12393162393162394