0 0.2692307692307692 0.2777777777777778 0.036057692307692304 0.17094017094017094
0 0.3173076923076923 0.21367521367521367 0.026442307692307692 0.13247863247863248
0 0.42788461538461536 0.3034188034188034 0.036057692307692304 0.18803418803418803
0 0.44471153846153844 0.36752136752136755 0.036057692307692304 0.10256410256410256
0 0.4206730769230769 0.49572649572649574 0.038461538461538464 0.19658119658119658
0 0.45913461538461536 0.5170940170940171 0.036057692307692304 0.23076923076923078
0 0.5961538461538461 0.32905982905982906 0.026442307692307692 0.1752136752136752
0 0.5769230769230769 0.19230769230769232 0.021634615384615384 0.15384615384615385
0 0.4567307692307692 0.10256410256410256 0.02403846153846154 0.1282051282051282
0 0.42788461538461536 0.17094017094017094 0.028846153846153848 0.1282051282051282
0 0.6225961538461539 0.49572649572649574 0.03365384615384615 0.2264957264957265
0 0.6754807692307693 0.49145299145299143 0.028846153846153848 0.20085470085470086
0 0.7019230769230769 0.5213675213675214 0.038461538461538464 0.17094017094017094
0 0.7475961538461539 0.5470085470085471 0.03365384615384615 0.21794871794871795
0 0.84375 0.41452991452991456 0.040865384615384616 0.18803418803418803
0 0.8870192307692307 0.5726495726495726 0.06009615384615385 0.24786324786324787
0 0.7259615384615384 0.9188034188034188 0.0673076923076923 0.14957264957264957
0 0.8389423076923077 0.9316239316239316 0.07692307692307693 0.1282051282051282
0 0.7932692307692307 0.0811965811965812 0.026442307692307692 0.09401709401709402