0 0.057692307692307696 0.5598290598290598 0.0625 0.20085470085470086
0 0.18269230769230768 0.3803418803418803 0.040865384615384616 0.18376068376068377
0 0.15865384615384615 0.358974358974359 0.038461538461538464 0.1752136752136752
0 0.19230769230769232 0.2863247863247863 0.03365384615384615 0.14957264957264957
0 0.3870192307692308 0.8418803418803419 0.06490384615384616 0.2905982905982906
0 0.4735576923076923 0.8717948717948718 0.0673076923076923 0.24358974358974358
0 0.5600961538461539 0.42735042735042733 0.036057692307692304 0.18803418803418803
0 0.4639423076923077 0.2692307692307692 0.028846153846153848 0.1794871794871795
0 0.4254807692307692 0.19658119658119658 0.021634615384615384 0.13675213675213677
0 0.39903846153846156 0.18376068376068377 0.02403846153846154 0.10256410256410256
0 0.36538461538461536 0.20085470085470086 0.03365384615384615 0.12393162393162394
0 0.33413461538461536 0.21794871794871795 0.02403846153846154 0.1282051282051282
0 0.2860576923076923 0.23076923076923078 0.03365384615384615 0.13675213675213677
0 0.6057692307692307 0.13247863247863248 0.026442307692307692 0.11965811965811966
0 0.5661057692307693 0.057692307692307696 0.021634615384615384 0.11538461538461539
0 0.6045673076923077 0.03632478632478633 0.016826923076923076 0.07264957264957266
0 0.6923076923076923 0.04700854700854701 0.02403846153846154 0.09401709401709402
0 0.7620192307692307 0.042735042735042736 0.028846153846153848 0.08547008547008547
0 0.8076923076923077 0.09829059829059829 0.028846153846153848 0.1282051282051282
0 0.8125 0.13675213675213677 0.014423076923076924 0.05982905982905983
0 0.8485576923076923 0.10683760683760683 0.02403846153846154 0.13247863247863248
0 0.8870192307692307 0.1794871794871795 0.03365384615384615 0.1452991452991453
0 0.9014423076923077 0.31196581196581197 0.028846153846153848 0.1581196581196581
0 0.9471153846153846 0.6452991452991453 0.03125 0.23076923076923078
0 0.9711538461538461 0.24358974358974358 0.02403846153846154 0.14957264957264957
0 0.8221153846153846 0.11965811965811966 0.009615384615384616 0.0641025641025641