0 0.11538461538461539 0.4188034188034188 0.0625 0.18376068376068377
0 0.19230769230769232 0.32051282051282054 0.04807692307692308 0.16666666666666666
0 0.3701923076923077 0.1794871794871795 0.038461538461538464 0.13675213675213677
0 0.34375 0.21794871794871795 0.04326923076923077 0.10256410256410256
0 0.4807692307692308 0.1452991452991453 0.036057692307692304 0.1623931623931624
0 0.5024038461538461 0.1452991452991453 0.03125 0.14957264957264957
0 0.5288461538461539 0.1282051282051282 0.038461538461538464 0.13247863247863248
0 0.6875 0.3547008547008547 0.052884615384615384 0.19658119658119658
0 0.6826923076923077 0.49572649572649574 0.055288461538461536 0.23504273504273504
0 0.8966346153846154 0.29914529914529914 0.04567307692307692 0.18803418803418803
0 0.9399038461538461 0.3333333333333333 0.036057692307692304 0.17094017094017094
0 0.9302884615384616 0.405982905982906 0.04326923076923077 0.11538461538461539
0 0.71875 0.07692307692307693 0.03365384615384615 0.14102564102564102
0 0.7524038461538461 0.0811965811965812 0.04326923076923077 0.1581196581196581
0 0.6442307692307693 0.049145299145299144 0.038461538461538464 0.09829059829059829
0 0.5564903846153846 0.053418803418803416 0.036057692307692304 0.10683760683760683
0 0.53125 0.049145299145299144 0.028846153846153848 0.09829059829059829
0 0.8389423076923077 0.05982905982905983 0.040865384615384616 0.11965811965811966
0 0.8942307692307693 0.08974358974358974 0.040865384615384616 0.13247863247863248
0 0.014423076923076924 0.4444444444444444 0.028846153846153848 0.18803418803418803