0 0.06490384615384616 0.48717948717948717 0.07451923076923077 0.20085470085470086
0 0.14182692307692307 0.37606837606837606 0.05048076923076923 0.18376068376068377
0 0.3269230769230769 0.20512820512820512 0.040865384615384616 0.12393162393162394
0 0.30288461538461536 0.24358974358974358 0.03365384615384615 0.10683760683760683
0 0.5 0.12393162393162394 0.036057692307692304 0.1452991452991453
0 0.53125 0.13247863247863248 0.03125 0.14957264957264957
0 0.5528846153846154 0.1111111111111111 0.03125 0.13675213675213677
0 0.5048076923076923 0.05555555555555555 0.019230769230769232 0.09401709401709402
0 0.5216346153846154 0.04700854700854701 0.014423076923076924 0.08974358974358974
0 0.6658653846153846 0.405982905982906 0.055288461538461536 0.21794871794871795
0 0.7427884615384616 0.4230769230769231 0.0625 0.2264957264957265
0 0.8990384615384616 0.32905982905982906 0.052884615384615384 0.18376068376068377
0 0.9158653846153846 0.41025641025641024 0.055288461538461536 0.23931623931623933
0 0.7283653846153846 0.0641025641025641 0.03125 0.1282051282051282
0 0.7668269230769231 0.07264957264957266 0.03365384615384615 0.1452991452991453
0 0.8197115384615384 0.04700854700854701 0.040865384615384616 0.09401709401709402
0 0.9230769230769231 0.4017094017094017 0.03365384615384615 0.07692307692307693
0 0.9110576923076923 0.45726495726495725 0.03365384615384615 0.09401709401709402