0 0.040865384615384616 0.6538461538461539 0.08173076923076923 0.2606837606837607
0 0.2764423076923077 0.3034188034188034 0.05048076923076923 0.17094017094017094
0 0.24519230769230768 0.5811965811965812 0.0625 0.24786324786324787
0 0.30288461538461536 0.5982905982905983 0.0625 0.3034188034188034
0 0.43028846153846156 0.45726495726495725 0.0625 0.19230769230769232
0 0.39663461538461536 0.19230769230769232 0.03125 0.1282051282051282
0 0.4423076923076923 0.1623931623931624 0.038461538461538464 0.14957264957264957
0 0.5865384615384616 0.1581196581196581 0.04567307692307692 0.14957264957264957
0 0.5288461538461539 0.08547008547008547 0.03365384615384615 0.1282051282051282
0 0.8125 0.1581196581196581 0.04567307692307692 0.1452991452991453
0 0.8317307692307693 0.405982905982906 0.052884615384615384 0.2222222222222222
0 0.8798076923076923 0.41452991452991456 0.040865384615384616 0.18376068376068377
0 0.8629807692307693 0.5170940170940171 0.03125 0.11538461538461539
0 0.9086538461538461 0.6153846153846154 0.052884615384615384 0.23931623931623933
0 0.8317307692307693 0.7735042735042735 0.08173076923076923 0.26495726495726496
0 0.7043269230769231 0.04700854700854701 0.038461538461538464 0.09401709401709402