0 0.41346153846153844 0.29914529914529914 0.038461538461538464 0.1623931623931624
0 0.39663461538461536 0.20512820512820512 0.03365384615384615 0.13675213675213677
0 0.4326923076923077 0.09829059829059829 0.03125 0.14102564102564102
0 0.46634615384615385 0.09829059829059829 0.02403846153846154 0.14102564102564102
0 0.4879807692307692 0.10683760683760683 0.02403846153846154 0.1282051282051282
0 0.5264423076923077 0.10683760683760683 0.026442307692307692 0.1282051282051282
0 0.5456730769230769 0.07692307692307693 0.028846153846153848 0.11538461538461539
0 0.6129807692307693 0.057692307692307696 0.02403846153846154 0.11538461538461539
0 0.6346153846153846 0.05555555555555555 0.021634615384615384 0.1111111111111111
0 0.875 0.3162393162393162 0.04326923076923077 0.1581196581196581
0 0.8028846153846154 0.5641025641025641 0.036057692307692304 0.21367521367521367
0 0.8173076923076923 0.6196581196581197 0.06490384615384616 0.2606837606837607
0 0.8389423076923077 0.7905982905982906 0.052884615384615384 0.23504273504273504
0 0.8942307692307693 0.8076923076923077 0.04567307692307692 0.25213675213675213
0 0.9350961538461539 0.6324786324786325 0.05048076923076923 0.21367521367521367
0 0.9543269230769231 0.2692307692307692 0.03125 0.1581196581196581
0 0.875 0.08547008547008547 0.02403846153846154 0.11538461538461539
0 0.8966346153846154 0.05555555555555555 0.019230769230769232 0.1111111111111111