0 0.09134615384615384 0.452991452991453 0.036057692307692304 0.20512820512820512
0 0.06971153846153846 0.4358974358974359 0.028846153846153848 0.19230769230769232
0 0.1971153846153846 0.4658119658119658 0.04567307692307692 0.19230769230769232
0 0.20432692307692307 0.9401709401709402 0.057692307692307696 0.10683760683760683
0 0.2692307692307692 0.2863247863247863 0.038461538461538464 0.17094017094017094
0 0.29086538461538464 0.21794871794871795 0.028846153846153848 0.1282051282051282
0 0.3485576923076923 0.2264957264957265 0.026442307692307692 0.1111111111111111
0 0.375 0.21794871794871795 0.03125 0.1111111111111111
0 0.36538461538461536 0.1581196581196581 0.02403846153846154 0.09401709401709402
0 0.59375 0.18803418803418803 0.03365384615384615 0.15384615384615385
0 0.6610576923076923 0.3547008547008547 0.03365384615384615 0.17094017094017094
0 0.8870192307692307 0.405982905982906 0.038461538461538464 0.1794871794871795
0 0.8966346153846154 0.8461538461538461 0.057692307692307696 0.21794871794871795
0 0.9038461538461539 0.23931623931623933 0.040865384615384616 0.1794871794871795
0 0.9399038461538461 0.19658119658119658 0.03365384615384615 0.15384615384615385
0 0.6466346153846154 0.08974358974358974 0.028846153846153848 0.11965811965811966
0 0.5216346153846154 0.08547008547008547 0.021634615384615384 0.1111111111111111
0 0.5793269230769231 0.05128205128205128 0.03125 0.10256410256410256
0 0.6850961538461539 0.04487179487179487 0.019230769230769232 0.08974358974358974
0 0.828125 0.06196581196581197 0.03125 0.12393162393162394
0 0.8701923076923077 0.0641025641025641 0.028846153846153848 0.11538461538461539