0 0.06009615384615385 0.4188034188034188 0.04567307692307692 0.20512820512820512
0 0.11538461538461539 0.43162393162393164 0.052884615384615384 0.20512820512820512
0 0.16346153846153846 0.452991452991453 0.05048076923076923 0.2222222222222222
0 0.22115384615384615 0.3803418803418803 0.052884615384615384 0.16666666666666666
0 0.22115384615384615 0.46153846153846156 0.052884615384615384 0.2094017094017094
0 0.2644230769230769 0.23076923076923078 0.038461538461538464 0.1752136752136752
0 0.29086538461538464 0.27350427350427353 0.05048076923076923 0.16666666666666666
0 0.4014423076923077 0.1623931623931624 0.03365384615384615 0.15384615384615385
0 0.45913461538461536 0.12393162393162394 0.040865384615384616 0.14957264957264957
0 0.5528846153846154 0.07264957264957266 0.036057692307692304 0.14102564102564102
0 0.7331730769230769 0.8205128205128205 0.07692307692307693 0.3418803418803419
0 0.8341346153846154 0.3888888888888889 0.06009615384615385 0.19658119658119658
0 0.84375 0.6324786324786325 0.055288461538461536 0.24358974358974358
0 0.8485576923076923 0.5427350427350427 0.0625 0.19230769230769232
0 0.8966346153846154 0.5512820512820513 0.04807692307692308 0.21367521367521367
0 0.9326923076923077 0.6153846153846154 0.05048076923076923 0.23076923076923078
0 0.9134615384615384 0.3974358974358974 0.055288461538461536 0.18376068376068377
0 0.8774038461538461 0.14957264957264957 0.04807692307692308 0.16666666666666666
0 0.9302884615384616 0.20085470085470086 0.040865384615384616 0.1752136752136752