0 0.07932692307692307 0.41452991452991456 0.04326923076923077 0.18376068376068377
0 0.32211538461538464 0.45726495726495725 0.04807692307692308 0.2222222222222222
0 0.28125 0.2863247863247863 0.036057692307692304 0.16666666666666666
0 0.38221153846153844 0.20085470085470086 0.03365384615384615 0.1111111111111111
0 0.41346153846153844 0.1581196581196581 0.02403846153846154 0.13675213675213677
0 0.39903846153846156 0.14102564102564102 0.019230769230769232 0.10683760683760683
0 0.6057692307692307 0.49572649572649574 0.040865384615384616 0.2264957264957265
0 0.6466346153846154 0.5384615384615384 0.038461538461538464 0.20512820512820512
0 0.6850961538461539 0.5470085470085471 0.03365384615384615 0.1623931623931624
0 0.7980769230769231 0.717948717948718 0.04567307692307692 0.2264957264957265
0 0.84375 0.7307692307692307 0.040865384615384616 0.23504273504273504
0 0.9230769230769231 0.26495726495726496 0.03125 0.1752136752136752
0 0.6225961538461539 0.0811965811965812 0.026442307692307692 0.10683760683760683