0 0.055288461538461536 0.7136752136752137 0.08653846153846154 0.2777777777777778
0 0.3629807692307692 0.8589743589743589 0.08413461538461539 0.27350427350427353
0 0.43509615384615385 0.8717948717948718 0.08173076923076923 0.24358974358974358
0 0.4567307692307692 0.6111111111111112 0.055288461538461536 0.25213675213675213
0 0.3173076923076923 0.38461538461538464 0.06009615384615385 0.2264957264957265
0 0.2932692307692308 0.2692307692307692 0.04807692307692308 0.17094017094017094
0 0.8100961538461539 0.8461538461538461 0.07211538461538461 0.29914529914529914
0 0.8004807692307693 0.6623931623931624 0.052884615384615384 0.23931623931623933
0 0.8341346153846154 0.7478632478632479 0.06009615384615385 0.24786324786324787
0 0.9086538461538461 0.7393162393162394 0.0673076923076923 0.23504273504273504
0 0.8413461538461539 0.4829059829059829 0.055288461538461536 0.21794871794871795
0 0.7163461538461539 0.4658119658119658 0.055288461538461536 0.2094017094017094
0 0.8894230769230769 0.3076923076923077 0.05048076923076923 0.20512820512820512
0 0.71875 0.07264957264957266 0.036057692307692304 0.1452991452991453