0 0.12980769230769232 0.811965811965812 0.0625 0.25213675213675213
0 0.0889423076923077 0.7264957264957265 0.052884615384615384 0.2222222222222222
0 0.06490384615384616 0.38461538461538464 0.04567307692307692 0.17094017094017094
0 0.2091346153846154 0.49572649572649574 0.055288461538461536 0.20512820512820512
0 0.2860576923076923 0.44017094017094016 0.057692307692307696 0.1794871794871795
0 0.20192307692307693 0.2863247863247863 0.040865384615384616 0.1581196581196581
0 0.2980769230769231 0.23931623931623933 0.038461538461538464 0.14957264957264957
0 0.4230769230769231 0.3162393162393162 0.04567307692307692 0.1752136752136752
0 0.4543269230769231 0.405982905982906 0.04807692307692308 0.20512820512820512
0 0.6201923076923077 0.5 0.040865384615384616 0.23076923076923078
0 0.8461538461538461 0.6923076923076923 0.07692307692307693 0.28205128205128205
0 0.5889423076923077 0.2094017094017094 0.03365384615384615 0.1581196581196581
0 0.6322115384615384 0.13675213675213677 0.028846153846153848 0.1452991452991453
0 0.5673076923076923 0.08974358974358974 0.02403846153846154 0.11965811965811966
0 0.5456730769230769 0.08974358974358974 0.021634615384615384 0.10683760683760683
0 0.5 0.05982905982905983 0.026442307692307692 0.11965811965811966
0 0.6875 0.16666666666666666 0.03125 0.13675213675213677
0 0.71875 0.1623931623931624 0.028846153846153848 0.1452991452991453
0 0.7860576923076923 0.18803418803418803 0.026442307692307692 0.15384615384615385
0 0.8245192307692307 0.19230769230769232 0.028846153846153848 0.11538461538461539
0 0.8798076923076923 0.20085470085470086 0.03125 0.13247863247863248
0 0.7055288461538461 0.0405982905982906 0.021634615384615384 0.0811965811965812
0 0.02403846153846154 0.905982905982906 0.04807692307692308 0.1794871794871795