0 0.20673076923076922 0.33760683760683763 0.05048076923076923 0.18376068376068377
0 0.2932692307692308 0.3504273504273504 0.04567307692307692 0.1752136752136752
0 0.30288461538461536 0.2264957264957265 0.040865384615384616 0.1452991452991453
0 0.4254807692307692 0.3803418803418803 0.04807692307692308 0.19658119658119658
0 0.6201923076923077 0.49145299145299143 0.040865384615384616 0.21367521367521367
0 0.4567307692307692 0.9358974358974359 0.07211538461538461 0.11538461538461539
0 0.7427884615384616 0.6666666666666666 0.0625 0.25213675213675213
0 0.6274038461538461 0.31196581196581197 0.040865384615384616 0.1623931623931624
0 0.6634615384615384 0.3247863247863248 0.028846153846153848 0.1794871794871795
0 0.7331730769230769 0.3418803418803419 0.03125 0.1623931623931624
0 0.7644230769230769 0.3333333333333333 0.028846153846153848 0.18803418803418803
0 0.9302884615384616 0.44871794871794873 0.040865384615384616 0.1752136752136752
0 0.9375 0.6239316239316239 0.040865384615384616 0.19658119658119658
0 0.43509615384615385 0.1452991452991453 0.028846153846153848 0.13247863247863248
0 0.45913461538461536 0.0811965811965812 0.019230769230769232 0.10256410256410256
0 0.4807692307692308 0.09829059829059829 0.021634615384615384 0.10256410256410256
0 0.5625 0.14102564102564102 0.03125 0.1452991452991453
0 0.65625 0.13675213675213677 0.028846153846153848 0.14957264957264957
0 0.7307692307692307 0.1452991452991453 0.03125 0.14102564102564102
0 0.7259615384615384 0.05555555555555555 0.026442307692307692 0.1111111111111111
0 0.9711538461538461 0.2094017094017094 0.026442307692307692 0.16666666666666666
0 0.8653846153846154 0.05982905982905983 0.02403846153846154 0.11965811965811966
0 0.8990384615384616 0.05982905982905983 0.026442307692307692 0.11965811965811966
0 0.5480769230769231 0.04700854700854701 0.026442307692307692 0.09401709401709402
0 0.6382211538461539 0.04487179487179487 0.026442307692307692 0.08974358974358974
0 0.6153846153846154 0.03418803418803419 0.019230769230769232 0.06837606837606838