0 0.028846153846153848 0.49572649572649574 0.040865384615384616 0.18376068376068377
0 0.1971153846153846 0.8162393162393162 0.04807692307692308 0.2606837606837607
0 0.5336538461538461 0.5769230769230769 0.04807692307692308 0.21367521367521367
0 0.5841346153846154 0.6495726495726496 0.04567307692307692 0.2264957264957265
0 0.6153846153846154 0.48717948717948717 0.04567307692307692 0.2094017094017094
0 0.39663461538461536 0.3547008547008547 0.04567307692307692 0.20085470085470086
0 0.2692307692307692 0.24786324786324787 0.03365384615384615 0.1581196581196581
0 0.3245192307692308 0.19658119658119658 0.026442307692307692 0.14102564102564102
0 0.34375 0.20085470085470086 0.019230769230769232 0.11965811965811966
0 0.3629807692307692 0.19658119658119658 0.02403846153846154 0.11965811965811966
0 0.3942307692307692 0.18803418803418803 0.03125 0.10683760683760683
0 0.5793269230769231 0.12393162393162394 0.028846153846153848 0.12393162393162394
0 0.7283653846153846 0.8717948717948718 0.057692307692307696 0.24786324786324787
0 0.7788461538461539 0.8717948717948718 0.038461538461538464 0.24358974358974358
0 0.8004807692307693 0.9102564102564102 0.055288461538461536 0.16666666666666666
0 0.8413461538461539 0.9358974358974359 0.0625 0.12393162393162394
0 0.8870192307692307 0.20085470085470086 0.026442307692307692 0.1452991452991453
0 0.9206730769230769 0.24786324786324787 0.03125 0.14957264957264957
0 0.96875 0.21367521367521367 0.026442307692307692 0.15384615384615385