0 0.04807692307692308 0.4700854700854701 0.04567307692307692 0.21367521367521367
0 0.026442307692307692 0.41025641025641024 0.03365384615384615 0.19658119658119658
0 0.2668269230769231 0.24358974358974358 0.038461538461538464 0.14957264957264957
0 0.41346153846153844 0.14102564102564102 0.03125 0.1282051282051282
0 0.5600961538461539 0.2564102564102564 0.036057692307692304 0.1452991452991453
0 0.41586538461538464 0.4444444444444444 0.038461538461538464 0.18376068376068377
0 0.5336538461538461 0.452991452991453 0.036057692307692304 0.17094017094017094
0 0.6177884615384616 0.49145299145299143 0.036057692307692304 0.23076923076923078
0 0.4519230769230769 0.811965811965812 0.057692307692307696 0.25213675213675213
0 0.5192307692307693 0.8418803418803419 0.06971153846153846 0.2777777777777778
0 0.8245192307692307 0.33760683760683763 0.03365384615384615 0.16666666666666666
0 0.8822115384615384 0.3418803418803419 0.03365384615384615 0.1581196581196581
0 0.875 0.20085470085470086 0.028846153846153848 0.13675213675213677
0 0.9134615384615384 0.2094017094017094 0.028846153846153848 0.1581196581196581
0 0.9567307692307693 0.2948717948717949 0.036057692307692304 0.17094017094017094