0 0.07692307692307693 0.8589743589743589 0.07451923076923077 0.2777777777777778
0 0.4951923076923077 0.5384615384615384 0.0625 0.2606837606837607
0 0.5625 0.5683760683760684 0.057692307692307696 0.2692307692307692
0 0.29086538461538464 0.3974358974358974 0.0625 0.2264957264957265
0 0.23798076923076922 0.32051282051282054 0.040865384615384616 0.1752136752136752
0 0.20192307692307693 0.3076923076923077 0.05048076923076923 0.19230769230769232
0 0.25 0.25213675213675213 0.04567307692307692 0.1452991452991453
0 0.3293269230769231 0.23931623931623933 0.05048076923076923 0.1581196581196581
0 0.4110576923076923 0.27350427350427353 0.052884615384615384 0.19230769230769232
0 0.44711538461538464 0.24358974358974358 0.04326923076923077 0.16666666666666666
0 0.7379807692307693 0.19658119658119658 0.04326923076923077 0.1581196581196581
0 0.8341346153846154 0.0811965811965812 0.05048076923076923 0.1581196581196581
0 0.6322115384615384 0.08974358974358974 0.04326923076923077 0.16666666666666666
0 0.5721153846153846 0.0811965811965812 0.04326923076923077 0.14957264957264957