0 0.06971153846153846 0.4444444444444444 0.04326923076923077 0.18803418803418803
0 0.21875 0.8803418803418803 0.0673076923076923 0.2264957264957265
0 0.40625 0.3803418803418803 0.04807692307692308 0.1752136752136752
0 0.2932692307692308 0.24358974358974358 0.040865384615384616 0.1623931623931624
0 0.5288461538461539 0.4230769230769231 0.038461538461538464 0.20085470085470086
0 0.5769230769230769 0.43162393162393164 0.038461538461538464 0.19658119658119658
0 0.6129807692307693 0.5 0.040865384615384616 0.21794871794871795
0 0.6610576923076923 0.5384615384615384 0.05048076923076923 0.16666666666666666
0 0.6538461538461539 0.1752136752136752 0.03365384615384615 0.14957264957264957
0 0.7836538461538461 0.11965811965811966 0.03365384615384615 0.12393162393162394
0 0.5504807692307693 0.07264957264957266 0.036057692307692304 0.12393162393162394