0 0.13701923076923078 0.5598290598290598 0.07211538461538461 0.21794871794871795
0 0.18990384615384615 0.5641025641025641 0.07692307692307693 0.24358974358974358
0 0.22115384615384615 0.34615384615384615 0.05048076923076923 0.19230769230769232
0 0.40865384615384615 0.2863247863247863 0.05048076923076923 0.18803418803418803
0 0.46634615384615385 0.6666666666666666 0.0673076923076923 0.26495726495726496
0 0.5288461538461539 0.6794871794871795 0.06490384615384616 0.2777777777777778
0 0.5384615384615384 0.46153846153846156 0.05048076923076923 0.19658119658119658
0 0.7019230769230769 0.5042735042735043 0.06009615384615385 0.21794871794871795
0 0.7860576923076923 0.6196581196581197 0.07692307692307693 0.24358974358974358
0 0.8485576923076923 0.6153846153846154 0.0625 0.24358974358974358
0 0.8774038461538461 0.49145299145299143 0.038461538461538464 0.17094017094017094
0 0.8389423076923077 0.3888888888888889 0.05048076923076923 0.20512820512820512
0 0.8918269230769231 0.39316239316239315 0.04567307692307692 0.2222222222222222
0 0.9278846153846154 0.5982905982905983 0.057692307692307696 0.2222222222222222
0 0.7067307692307693 0.10256410256410256 0.038461538461538464 0.17094017094017094