0 0.1778846153846154 0.5 0.05048076923076923 0.21367521367521367
0 0.10817307692307693 0.49145299145299143 0.06009615384615385 0.23076923076923078
0 0.0673076923076923 0.4829059829059829 0.06971153846153846 0.20512820512820512
0 0.020432692307692308 0.46794871794871795 0.040865384615384616 0.2094017094017094
0 0.21634615384615385 0.3803418803418803 0.04567307692307692 0.1752136752136752
0 0.25961538461538464 0.3034188034188034 0.04567307692307692 0.1794871794871795
0 0.30288461538461536 0.20085470085470086 0.038461538461538464 0.16666666666666666
0 0.43028846153846156 0.1282051282051282 0.03365384615384615 0.1282051282051282
0 0.49038461538461536 0.10256410256410256 0.03365384615384615 0.13675213675213677
0 0.5288461538461539 0.09829059829059829 0.03365384615384615 0.13247863247863248
0 0.875 0.11965811965811966 0.05048076923076923 0.1581196581196581
0 0.9278846153846154 0.21367521367521367 0.036057692307692304 0.18376068376068377
0 0.8605769230769231 0.3504273504273504 0.04807692307692308 0.20085470085470086
0 0.9254807692307693 0.358974358974359 0.05048076923076923 0.18803418803418803
0 0.8365384615384616 0.594017094017094 0.04807692307692308 0.20512820512820512
0 0.8774038461538461 0.6111111111111112 0.05048076923076923 0.23504273504273504
0 0.90625 0.6837606837606838 0.052884615384615384 0.24358974358974358
0 0.8293269230769231 0.6752136752136753 0.057692307692307696 0.21794871794871795
0 0.84375 0.811965811965812 0.07932692307692307 0.29914529914529914