0 0.34615384615384615 0.4017094017094017 0.04567307692307692 0.18376068376068377
0 0.53125 0.4658119658119658 0.04326923076923077 0.16666666666666666
0 0.6201923076923077 0.49572649572649574 0.038461538461538464 0.2222222222222222
0 0.6947115384615384 0.4658119658119658 0.05048076923076923 0.21794871794871795
0 0.3557692307692308 0.2094017094017094 0.026442307692307692 0.1282051282051282
0 0.40865384615384615 0.13675213675213677 0.026442307692307692 0.13675213675213677
0 0.43028846153846156 0.16666666666666666 0.026442307692307692 0.13247863247863248
0 0.5120192307692307 0.18376068376068377 0.02403846153846154 0.14102564102564102
0 0.4831730769230769 0.13675213675213677 0.02403846153846154 0.12393162393162394
0 0.5600961538461539 0.1111111111111111 0.026442307692307692 0.10683760683760683
0 0.6225961538461539 0.05982905982905983 0.021634615384615384 0.10683760683760683
0 0.6490384615384616 0.0641025641025641 0.02403846153846154 0.1111111111111111
0 0.6875 0.08547008547008547 0.021634615384615384 0.11538461538461539
0 0.8942307692307693 0.4700854700854701 0.038461538461538464 0.23076923076923078