0 0.16105769230769232 0.39316239316239315 0.03365384615384615 0.17094017094017094
0 0.15625 0.29914529914529914 0.03125 0.12393162393162394
0 0.2548076923076923 0.27350427350427353 0.028846153846153848 0.15384615384615385
0 0.3918269230769231 0.19230769230769232 0.03125 0.1111111111111111
0 0.4423076923076923 0.1581196581196581 0.02403846153846154 0.15384615384615385
0 0.4855769230769231 0.2777777777777778 0.040865384615384616 0.1794871794871795
0 0.28365384615384615 0.6367521367521367 0.04326923076923077 0.23076923076923078
0 0.4110576923076923 0.6282051282051282 0.04567307692307692 0.23504273504273504
0 0.4567307692307692 0.6965811965811965 0.04807692307692308 0.23931623931623933
0 0.6153846153846154 0.49145299145299143 0.038461538461538464 0.21367521367521367
0 0.53125 0.18376068376068377 0.028846153846153848 0.13247863247863248
0 0.8701923076923077 0.1452991452991453 0.02403846153846154 0.13675213675213677
0 0.9447115384615384 0.2606837606837607 0.028846153846153848 0.1794871794871795
0 0.8076923076923077 0.8290598290598291 0.06009615384615385 0.2692307692307692
0 0.875 0.8632478632478633 0.0673076923076923 0.2692307692307692
0 0.9423076923076923 0.1623931623931624 0.028846153846153848 0.0811965811965812
0 0.9783653846153846 0.18803418803418803 0.016826923076923076 0.13247863247863248