0 0.06971153846153846 0.4230769230769231 0.06009615384615385 0.19658119658119658
0 0.14903846153846154 0.37606837606837606 0.05048076923076923 0.21794871794871795
0 0.31971153846153844 0.27350427350427353 0.04807692307692308 0.1752136752136752
0 0.2956730769230769 0.5042735042735043 0.06009615384615385 0.24786324786324787
0 0.7548076923076923 0.7649572649572649 0.06490384615384616 0.2264957264957265
0 0.8028846153846154 0.8461538461538461 0.06490384615384616 0.2948717948717949
0 0.8822115384615384 0.7777777777777778 0.06009615384615385 0.2606837606837607
0 0.8629807692307693 0.4700854700854701 0.057692307692307696 0.20085470085470086
0 0.6129807692307693 0.15384615384615385 0.03365384615384615 0.15384615384615385
0 0.5769230769230769 0.11965811965811966 0.03365384615384615 0.1282051282051282
0 0.8125 0.08974358974358974 0.028846153846153848 0.1282051282051282
0 0.8389423076923077 0.09401709401709402 0.02403846153846154 0.13675213675213677
0 0.5096153846153846 0.9444444444444444 0.07451923076923077 0.10683760683760683