0 0.12740384615384615 0.405982905982906 0.057692307692307696 0.2094017094017094
0 0.14182692307692307 0.31196581196581197 0.052884615384615384 0.18803418803418803
0 0.19951923076923078 0.3162393162393162 0.04567307692307692 0.19658119658119658
0 0.23557692307692307 0.36752136752136755 0.04326923076923077 0.19230769230769232
0 0.28846153846153844 0.23931623931623933 0.04326923076923077 0.15384615384615385
0 0.3173076923076923 0.34615384615384615 0.05048076923076923 0.20512820512820512
0 0.3605769230769231 0.32905982905982906 0.038461538461538464 0.1794871794871795
0 0.3485576923076923 0.19230769230769232 0.036057692307692304 0.13675213675213677
0 0.3918269230769231 0.19230769230769232 0.03365384615384615 0.16666666666666666
0 0.1971153846153846 0.7564102564102564 0.09134615384615384 0.2948717948717949
0 0.38461538461538464 0.8760683760683761 0.0889423076923077 0.24358974358974358
0 0.8028846153846154 0.5726495726495726 0.06971153846153846 0.26495726495726496
0 0.8413461538461539 0.5 0.057692307692307696 0.21367521367521367
0 0.9014423076923077 0.5 0.04807692307692308 0.21367521367521367
0 0.9206730769230769 0.42735042735042733 0.04567307692307692 0.20085470085470086
0 0.8798076923076923 0.21794871794871795 0.038461538461538464 0.1623931623931624
0 0.9014423076923077 0.2948717948717949 0.036057692307692304 0.1794871794871795
0 0.9399038461538461 0.2948717948717949 0.052884615384615384 0.1623931623931624
0 0.9567307692307693 0.24786324786324787 0.03365384615384615 0.1581196581196581
0 0.9375 0.18803418803418803 0.03365384615384615 0.15384615384615385