0 0.055288461538461536 0.6752136752136753 0.06490384615384616 0.2606837606837607
0 0.04807692307692308 0.4444444444444444 0.04326923076923077 0.10683760683760683
0 0.08413461538461539 0.3888888888888889 0.057692307692307696 0.1752136752136752
0 0.59375 0.5726495726495726 0.04807692307692308 0.23504273504273504
0 0.5625 0.5982905982905983 0.036057692307692304 0.1282051282051282
0 0.5216346153846154 0.6239316239316239 0.04567307692307692 0.11965811965811966
0 0.6105769230769231 0.8247863247863247 0.06490384615384616 0.3034188034188034
0 0.9134615384615384 0.5042735042735043 0.06490384615384616 0.23076923076923078
0 0.9086538461538461 0.7307692307692307 0.07451923076923077 0.24786324786324787
0 0.33653846153846156 0.1794871794871795 0.03125 0.14957264957264957
0 0.3605769230769231 0.19230769230769232 0.028846153846153848 0.15384615384615385
0 0.5721153846153846 0.06623931623931624 0.03365384615384615 0.13247863247863248
0 0.6057692307692307 0.06196581196581197 0.038461538461538464 0.12393162393162394
0 0.9158653846153846 0.23504273504273504 0.038461538461538464 0.20512820512820512