0 0.08413461538461539 0.36324786324786323 0.036057692307692304 0.1794871794871795
0 0.2644230769230769 0.26495726495726496 0.036057692307692304 0.1581196581196581
0 0.4110576923076923 0.1794871794871795 0.026442307692307692 0.1282051282051282
0 0.44711538461538464 0.12393162393162394 0.026442307692307692 0.13247863247863248
0 0.4735576923076923 0.08547008547008547 0.021634615384615384 0.11538461538461539
0 0.4951923076923077 0.0811965811965812 0.028846153846153848 0.1111111111111111
0 0.5817307692307693 0.09829059829059829 0.02403846153846154 0.12393162393162394
0 0.6586538461538461 0.13675213675213677 0.038461538461538464 0.14957264957264957
0 0.6899038461538461 0.23931623931623933 0.036057692307692304 0.14957264957264957
0 0.7836538461538461 0.5256410256410257 0.055288461538461536 0.21794871794871795
0 0.8365384615384616 0.5384615384615384 0.05048076923076923 0.19658119658119658
0 0.6201923076923077 0.5811965811965812 0.0625 0.23931623931623933
0 0.9543269230769231 0.49572649572649574 0.036057692307692304 0.2094017094017094
0 0.9206730769230769 0.2264957264957265 0.03365384615384615 0.1752136752136752
0 0.6237980769230769 0.03205128205128205 0.016826923076923076 0.0641025641025641