0 0.16346153846153846 0.5470085470085471 0.05048076923076923 0.20085470085470086
0 0.09134615384615384 0.405982905982906 0.038461538461538464 0.19230769230769232
0 0.08413461538461539 0.3076923076923077 0.03125 0.09401709401709402
0 0.16826923076923078 0.39316239316239315 0.036057692307692304 0.1752136752136752
0 0.2403846153846154 0.33760683760683763 0.038461538461538464 0.1623931623931624
0 0.33413461538461536 0.23931623931623933 0.028846153846153848 0.1282051282051282
0 0.34615384615384615 0.19230769230769232 0.021634615384615384 0.08547008547008547
0 0.4543269230769231 0.1282051282051282 0.02403846153846154 0.12393162393162394
0 0.5216346153846154 0.11538461538461539 0.028846153846153848 0.13675213675213677
0 0.5552884615384616 0.24786324786324787 0.021634615384615384 0.14957264957264957
0 0.5889423076923077 0.1452991452991453 0.02403846153846154 0.13247863247863248
0 0.6490384615384616 0.07692307692307693 0.036057692307692304 0.13247863247863248
0 0.6105769230769231 0.49145299145299143 0.038461538461538464 0.21367521367521367
0 0.7524038461538461 0.7051282051282052 0.04807692307692308 0.2692307692307692
0 0.9110576923076923 0.358974358974359 0.036057692307692304 0.17094017094017094