0 0.19471153846153846 0.31196581196581197 0.04326923076923077 0.15384615384615385
0 0.17307692307692307 0.358974358974359 0.036057692307692304 0.10683760683760683
0 0.3293269230769231 0.405982905982906 0.06009615384615385 0.19658119658119658
0 0.4567307692307692 0.3162393162393162 0.057692307692307696 0.19230769230769232
0 0.4423076923076923 0.2564102564102564 0.04567307692307692 0.1794871794871795
0 0.3293269230769231 0.21367521367521367 0.040865384615384616 0.16666666666666666
0 0.3581730769230769 0.19230769230769232 0.038461538461538464 0.16666666666666666
0 0.6153846153846154 0.3504273504273504 0.04326923076923077 0.2094017094017094
0 0.8389423076923077 0.5 0.0673076923076923 0.2264957264957265
0 0.5192307692307693 0.26495726495726496 0.04326923076923077 0.16666666666666666
0 0.46875 0.11538461538461539 0.036057692307692304 0.1282051282051282
0 0.5024038461538461 0.08974358974358974 0.038461538461538464 0.1452991452991453
0 0.5673076923076923 0.07264957264957266 0.03125 0.13247863247863248
0 0.7355769230769231 0.0641025641025641 0.028846153846153848 0.11965811965811966
0 0.7644230769230769 0.09829059829059829 0.03365384615384615 0.12393162393162394
0 0.7980769230769231 0.09829059829059829 0.03365384615384615 0.1282051282051282
0 0.9615384615384616 0.27350427350427353 0.04807692307692308 0.19230769230769232