0 0.055288461538461536 0.38461538461538464 0.04807692307692308 0.19658119658119658
0 0.09615384615384616 0.44017094017094016 0.05048076923076923 0.2264957264957265
0 0.12740384615384615 0.452991452991453 0.040865384615384616 0.18803418803418803
0 0.14903846153846154 0.3888888888888889 0.038461538461538464 0.1794871794871795
0 0.11778846153846154 0.3333333333333333 0.028846153846153848 0.0811965811965812
0 0.28125 0.21367521367521367 0.040865384615384616 0.1623931623931624
0 0.31971153846153844 0.2264957264957265 0.040865384615384616 0.11965811965811966
0 0.19230769230769232 0.28205128205128205 0.04567307692307692 0.1794871794871795
0 0.4879807692307692 0.2094017094017094 0.040865384615384616 0.1623931623931624
0 0.5192307692307693 0.21367521367521367 0.036057692307692304 0.1581196581196581
0 0.6129807692307693 0.4358974358974359 0.05048076923076923 0.19230769230769232
0 0.7836538461538461 0.717948717948718 0.08413461538461539 0.2264957264957265
0 0.9206730769230769 0.5982905982905983 0.06009615384615385 0.24358974358974358
0 0.7524038461538461 0.31196581196581197 0.05048076923076923 0.1794871794871795
0 0.7019230769230769 0.1282051282051282 0.040865384615384616 0.13675213675213677
0 0.8221153846153846 0.18376068376068377 0.040865384615384616 0.14102564102564102
0 0.9326923076923077 0.2777777777777778 0.036057692307692304 0.18376068376068377