0 0.08653846153846154 0.41025641025641024 0.06490384615384616 0.21367521367521367
0 0.02283653846153846 0.46794871794871795 0.04567307692307692 0.21794871794871795
0 0.33653846153846156 0.4444444444444444 0.057692307692307696 0.2264957264957265
0 0.3557692307692308 0.21794871794871795 0.04567307692307692 0.14957264957264957
0 0.5576923076923077 0.1452991452991453 0.03125 0.1452991452991453
0 0.5889423076923077 0.1581196581196581 0.038461538461538464 0.15384615384615385
0 0.6370192307692307 0.12393162393162394 0.036057692307692304 0.1452991452991453
0 0.8341346153846154 0.5213675213675214 0.052884615384615384 0.21367521367521367
0 0.84375 0.7307692307692307 0.057692307692307696 0.25213675213675213
0 0.8822115384615384 0.8632478632478633 0.0625 0.23504273504273504
0 0.7379807692307693 0.8589743589743589 0.0673076923076923 0.23931623931623933
0 0.5336538461538461 0.9188034188034188 0.07451923076923077 0.1581196581196581