0 0.1346153846153846 0.7136752136752137 0.057692307692307696 0.24358974358974358
0 0.18990384615384615 0.7222222222222222 0.06971153846153846 0.25213675213675213
0 0.07932692307692307 0.42735042735042733 0.04567307692307692 0.2094017094017094
0 0.1778846153846154 0.3803418803418803 0.03365384615384615 0.1752136752136752
0 0.14903846153846154 0.34615384615384615 0.03365384615384615 0.16666666666666666
0 0.28125 0.4658119658119658 0.04567307692307692 0.21367521367521367
0 0.40384615384615385 0.5683760683760684 0.04567307692307692 0.21794871794871795
0 0.6177884615384616 0.5042735042735043 0.04326923076923077 0.2264957264957265
0 0.8004807692307693 0.5854700854700855 0.04567307692307692 0.2222222222222222
0 0.8557692307692307 0.5854700854700855 0.03365384615384615 0.23931623931623933
0 0.8509615384615384 0.46153846153846156 0.028846153846153848 0.1111111111111111
0 0.8798076923076923 0.48717948717948717 0.026442307692307692 0.1581196581196581
0 0.9014423076923077 0.2863247863247863 0.03365384615384615 0.1581196581196581
0 0.7524038461538461 0.2777777777777778 0.038461538461538464 0.1623931623931624
0 0.33413461538461536 0.1794871794871795 0.03125 0.1452991452991453
0 0.5528846153846154 0.09401709401709402 0.028846153846153848 0.11965811965811966
0 0.6754807692307693 0.09401709401709402 0.028846153846153848 0.13247863247863248
0 0.7668269230769231 0.06837606837606838 0.021634615384615384 0.10683760683760683
0 0.7379807692307693 0.16666666666666666 0.021634615384615384 0.08974358974358974
0 0.9543269230769231 0.34615384615384615 0.03365384615384615 0.17094017094017094
0 0.53125 0.05982905982905983 0.019230769230769232 0.10683760683760683