0 0.038461538461538464 0.4230769230769231 0.06009615384615385 0.19658119658119658
0 0.11778846153846154 0.3504273504273504 0.06490384615384616 0.19230769230769232
0 0.22355769230769232 0.31196581196581197 0.05048076923076923 0.1794871794871795
0 0.31009615384615385 0.2606837606837607 0.04567307692307692 0.16666666666666666
0 0.34615384615384615 0.18376068376068377 0.05048076923076923 0.1623931623931624
0 0.3894230769230769 0.1794871794871795 0.040865384615384616 0.14957264957264957
0 0.4230769230769231 0.18803418803418803 0.040865384615384616 0.14957264957264957
0 0.47836538461538464 0.20512820512820512 0.040865384615384616 0.16666666666666666
0 0.5120192307692307 0.19658119658119658 0.03365384615384615 0.17094017094017094
0 0.5192307692307693 0.32051282051282054 0.0625 0.18803418803418803
0 0.4855769230769231 0.9230769230769231 0.07932692307692307 0.1452991452991453
0 0.8004807692307693 0.9316239316239316 0.08413461538461539 0.1282051282051282
0 0.7836538461538461 0.7649572649572649 0.0889423076923077 0.2564102564102564
0 0.8798076923076923 0.8247863247863247 0.07211538461538461 0.2863247863247863
0 0.7860576923076923 0.5512820512820513 0.04807692307692308 0.2606837606837607
0 0.8317307692307693 0.5555555555555556 0.057692307692307696 0.23504273504273504
0 0.8774038461538461 0.6452991452991453 0.0625 0.23504273504273504
0 0.8581730769230769 0.4700854700854701 0.04807692307692308 0.19658119658119658
0 0.8942307692307693 0.405982905982906 0.0673076923076923 0.20085470085470086
0 0.90625 0.2863247863247863 0.03365384615384615 0.14957264957264957
0 0.9471153846153846 0.3034188034188034 0.038461538461538464 0.14102564102564102
0 0.9399038461538461 0.27350427350427353 0.038461538461538464 0.14102564102564102
0 0.9495192307692307 0.1752136752136752 0.038461538461538464 0.14957264957264957
0 0.53125 0.10256410256410256 0.038461538461538464 0.12393162393162394
0 0.5048076923076923 0.07264957264957266 0.038461538461538464 0.13675213675213677
0 0.6201923076923077 0.08547008547008547 0.04567307692307692 0.13247863247863248
0 0.8629807692307693 0.0641025641025641 0.03125 0.1282051282051282