0 0.16105769230769232 0.44017094017094016 0.03125 0.18803418803418803
0 0.13221153846153846 0.42735042735042733 0.038461538461538464 0.1752136752136752
0 0.08173076923076923 0.405982905982906 0.04807692307692308 0.19230769230769232
0 0.3173076923076923 0.5897435897435898 0.04567307692307692 0.2264957264957265
0 0.5673076923076923 0.6367521367521367 0.040865384615384616 0.23076923076923078
0 0.6033653846153846 0.47435897435897434 0.04326923076923077 0.2094017094017094
0 0.4855769230769231 0.2606837606837607 0.036057692307692304 0.1623931623931624
0 0.5144230769230769 0.26495726495726496 0.03365384615384615 0.14102564102564102
0 0.20192307692307693 0.2948717948717949 0.040865384615384616 0.16666666666666666
0 0.46634615384615385 0.09829059829059829 0.03125 0.12393162393162394
0 0.6057692307692307 0.1111111111111111 0.02403846153846154 0.11538461538461539
0 0.7572115384615384 0.08547008547008547 0.028846153846153848 0.11538461538461539
0 0.7860576923076923 0.08974358974358974 0.028846153846153848 0.11965811965811966
0 0.7932692307692307 0.14957264957264957 0.026442307692307692 0.13675213675213677
0 0.8942307692307693 0.24786324786324787 0.03365384615384615 0.16666666666666666
0 0.7668269230769231 0.7094017094017094 0.06490384615384616 0.24786324786324787
0 0.8509615384615384 0.8717948717948718 0.06490384615384616 0.24786324786324787