0 0.025240384615384616 0.4636752136752137 0.05048076923076923 0.21794871794871795
0 0.18028846153846154 0.36752136752136755 0.05048076923076923 0.20085470085470086
0 0.21394230769230768 0.37606837606837606 0.040865384615384616 0.18803418803418803
0 0.2283653846153846 0.2863247863247863 0.038461538461538464 0.16666666666666666
0 0.27163461538461536 0.2905982905982906 0.04567307692307692 0.18376068376068377
0 0.3076923076923077 0.20512820512820512 0.04807692307692308 0.1581196581196581
0 0.36778846153846156 0.1623931623931624 0.03125 0.13675213675213677
0 0.3870192307692308 0.17094017094017094 0.02403846153846154 0.14102564102564102
0 0.40865384615384615 0.19230769230769232 0.03365384615384615 0.13675213675213677
0 0.3245192307692308 0.6581196581196581 0.0625 0.2606837606837607
0 0.3894230769230769 0.6837606837606838 0.057692307692307696 0.2777777777777778
0 0.12980769230769232 0.8803418803418803 0.07211538461538461 0.23076923076923078
0 0.6370192307692307 0.5555555555555556 0.052884615384615384 0.2606837606837607
0 0.7836538461538461 0.11965811965811966 0.03125 0.12393162393162394
0 0.8052884615384616 0.1794871794871795 0.036057692307692304 0.1794871794871795
0 0.8653846153846154 0.12393162393162394 0.036057692307692304 0.1282051282051282
0 0.8894230769230769 0.17094017094017094 0.036057692307692304 0.1581196581196581
0 0.8149038461538461 0.6452991452991453 0.057692307692307696 0.23076923076923078
0 0.875 0.6709401709401709 0.057692307692307696 0.24358974358974358
0 0.9326923076923077 0.6068376068376068 0.06009615384615385 0.2094017094017094