0 0.07211538461538461 0.5256410256410257 0.06971153846153846 0.2264957264957265
0 0.15625 0.33760683760683763 0.05048076923076923 0.18803418803418803
0 0.23557692307692307 0.2905982905982906 0.04807692307692308 0.1452991452991453
0 0.3245192307692308 0.20512820512820512 0.040865384615384616 0.1581196581196581
0 0.3798076923076923 0.18803418803418803 0.038461538461538464 0.16666666666666666
0 0.41346153846153844 0.17094017094017094 0.038461538461538464 0.1581196581196581
0 0.4375 0.16666666666666666 0.02403846153846154 0.14957264957264957
0 0.4519230769230769 0.16666666666666666 0.036057692307692304 0.1282051282051282
0 0.5240384615384616 0.7435897435897436 0.06490384615384616 0.28205128205128205
0 0.5817307692307693 0.10256410256410256 0.040865384615384616 0.14102564102564102
0 0.5024038461538461 0.11538461538461539 0.036057692307692304 0.1282051282051282
0 0.4855769230769231 0.13675213675213677 0.026442307692307692 0.06837606837606838
0 0.6658653846153846 0.13247863247863248 0.036057692307692304 0.14957264957264957
0 0.7091346153846154 0.13247863247863248 0.036057692307692304 0.15384615384615385
0 0.7620192307692307 0.23504273504273504 0.038461538461538464 0.16666666666666666
0 0.7043269230769231 0.042735042735042736 0.028846153846153848 0.08547008547008547
0 0.8052884615384616 0.11965811965811966 0.04326923076923077 0.1282051282051282
0 0.8701923076923077 0.12393162393162394 0.038461538461538464 0.1282051282051282
0 0.8918269230769231 0.23076923076923078 0.05048076923076923 0.1581196581196581