0 0.1346153846153846 0.3547008547008547 0.04567307692307692 0.17094017094017094
0 0.2956730769230769 0.27350427350427353 0.036057692307692304 0.1452991452991453
0 0.33413461538461536 0.20512820512820512 0.02403846153846154 0.14957264957264957
0 0.43028846153846156 0.13247863247863248 0.026442307692307692 0.11965811965811966
0 0.4543269230769231 0.1581196581196581 0.028846153846153848 0.1282051282051282
0 0.5697115384615384 0.3034188034188034 0.036057692307692304 0.1794871794871795
0 0.7115384615384616 0.4230769230769231 0.04567307692307692 0.20085470085470086
0 0.7908653846153846 0.7692307692307693 0.04807692307692308 0.27350427350427353
0 0.9182692307692307 0.6837606837606838 0.06009615384615385 0.20512820512820512
0 0.8341346153846154 0.405982905982906 0.038461538461538464 0.18803418803418803
0 0.8677884615384616 0.4230769230769231 0.040865384615384616 0.18803418803418803
0 0.9591346153846154 0.32905982905982906 0.038461538461538464 0.19230769230769232
0 0.8774038461538461 0.13247863247863248 0.04326923076923077 0.1452991452991453
0 0.6490384615384616 0.06837606837606838 0.028846153846153848 0.13675213675213677
0 0.5144230769230769 0.057692307692307696 0.028846153846153848 0.11538461538461539