0 0.06009615384615385 0.48717948717948717 0.05048076923076923 0.20512820512820512
0 0.08173076923076923 0.8333333333333334 0.06971153846153846 0.29914529914529914
0 0.13942307692307693 0.3333333333333333 0.04326923076923077 0.17094017094017094
0 0.27163461538461536 0.2264957264957265 0.03365384615384615 0.1581196581196581
0 0.4014423076923077 0.34615384615384615 0.038461538461538464 0.1752136752136752
0 0.4423076923076923 0.36752136752136755 0.03125 0.18803418803418803
0 0.45913461538461536 0.3162393162393162 0.028846153846153848 0.14957264957264957
0 0.4543269230769231 0.6068376068376068 0.05048076923076923 0.2264957264957265
0 0.5793269230769231 0.5470085470085471 0.052884615384615384 0.21794871794871795
0 0.6322115384615384 0.5854700854700855 0.040865384615384616 0.20512820512820512
0 0.6153846153846154 0.4658119658119658 0.036057692307692304 0.14957264957264957
0 0.6875 0.3547008547008547 0.03365384615384615 0.1752136752136752
0 0.7331730769230769 0.36324786324786323 0.03365384615384615 0.17094017094017094
0 0.5865384615384616 0.14102564102564102 0.026442307692307692 0.13675213675213677
0 0.49038461538461536 0.1452991452991453 0.021634615384615384 0.1282051282051282
0 0.46634615384615385 0.13675213675213677 0.026442307692307692 0.10683760683760683
0 0.44711538461538464 0.11965811965811966 0.019230769230769232 0.1282051282051282
0 0.4182692307692308 0.11538461538461539 0.02403846153846154 0.11965811965811966
0 0.5721153846153846 0.09829059829059829 0.02403846153846154 0.1111111111111111
0 0.6442307692307693 0.0811965811965812 0.016826923076923076 0.11965811965811966
0 0.6682692307692307 0.07264957264957266 0.019230769230769232 0.11965811965811966
0 0.6959134615384616 0.07051282051282051 0.026442307692307692 0.14102564102564102
0 0.7860576923076923 0.0811965811965812 0.028846153846153848 0.10683760683760683
0 0.8990384615384616 0.6324786324786325 0.0625 0.23931623931623933
0 0.9326923076923077 0.36324786324786323 0.04567307692307692 0.20512820512820512