0 0.25240384615384615 0.2564102564102564 0.04567307692307692 0.18376068376068377
0 0.28365384615384615 0.26495726495726496 0.038461538461538464 0.17094017094017094
0 0.2860576923076923 0.21367521367521367 0.036057692307692304 0.14102564102564102
0 0.3076923076923077 0.23931623931623933 0.03125 0.17094017094017094
0 0.3293269230769231 0.25213675213675213 0.038461538461538464 0.1282051282051282
0 0.32211538461538464 0.36752136752136755 0.05048076923076923 0.18803418803418803
0 0.38461538461538464 0.1794871794871795 0.04567307692307692 0.14102564102564102
0 0.4735576923076923 0.2222222222222222 0.04567307692307692 0.18376068376068377
0 0.4879807692307692 0.10256410256410256 0.03365384615384615 0.13247863247863248
0 0.5745192307692307 0.23931623931623933 0.04807692307692308 0.16666666666666666
0 0.6177884615384616 0.23931623931623933 0.040865384615384616 0.20085470085470086
0 0.5817307692307693 0.09401709401709402 0.038461538461538464 0.13675213675213677
0 0.6225961538461539 0.049145299145299144 0.02403846153846154 0.09829059829059829
0 0.7019230769230769 0.19658119658119658 0.052884615384615384 0.15384615384615385
0 0.8293269230769231 0.2094017094017094 0.03365384615384615 0.13247863247863248
0 0.8317307692307693 0.14957264957264957 0.03125 0.14957264957264957
0 0.84375 0.1111111111111111 0.03125 0.11965811965811966
0 0.9471153846153846 0.24786324786324787 0.05048076923076923 0.1752136752136752