0 0.09134615384615384 0.5085470085470085 0.05048076923076923 0.21794871794871795
0 0.10096153846153846 0.3717948717948718 0.055288461538461536 0.17094017094017094
0 0.28365384615384615 0.41025641025641024 0.052884615384615384 0.19658119658119658
0 0.3269230769230769 0.4188034188034188 0.052884615384615384 0.2264957264957265
0 0.6033653846153846 0.44017094017094016 0.04567307692307692 0.2094017094017094
0 0.6442307692307693 0.44871794871794873 0.05048076923076923 0.21367521367521367
0 0.6658653846153846 0.5555555555555556 0.05048076923076923 0.1581196581196581
0 0.7980769230769231 0.5726495726495726 0.07211538461538461 0.2777777777777778
0 0.8846153846153846 0.4700854700854701 0.06009615384615385 0.21794871794871795
0 0.9038461538461539 0.41025641025641024 0.0625 0.21367521367521367
0 0.9375 0.3333333333333333 0.036057692307692304 0.14102564102564102
0 0.9254807692307693 0.26495726495726496 0.040865384615384616 0.15384615384615385
0 0.6490384615384616 0.3162393162393162 0.040865384615384616 0.1752136752136752
0 0.5144230769230769 0.19230769230769232 0.04807692307692308 0.18803418803418803
0 0.6418269230769231 0.1623931623931624 0.040865384615384616 0.18803418803418803