0 0.09375 0.6410256410256411 0.0673076923076923 0.25213675213675213
0 0.1971153846153846 0.8632478632478633 0.052884615384615384 0.26495726495726496
0 0.27403846153846156 0.452991452991453 0.040865384615384616 0.18803418803418803
0 0.018028846153846152 0.4700854700854701 0.036057692307692304 0.18803418803418803
0 0.2403846153846154 0.24786324786324787 0.028846153846153848 0.16666666666666666
0 0.28125 0.27350427350427353 0.03365384615384615 0.14957264957264957
0 0.6177884615384616 0.49572649572649574 0.038461538461538464 0.2094017094017094
0 0.8677884615384616 0.4017094017094017 0.036057692307692304 0.17094017094017094
0 0.9206730769230769 0.42735042735042733 0.038461538461538464 0.19658119658119658
0 0.9495192307692307 0.20512820512820512 0.03125 0.13247863247863248
0 0.8149038461538461 0.17094017094017094 0.03125 0.14957264957264957
0 0.6778846153846154 0.27350427350427353 0.028846153846153848 0.1581196581196581
0 0.44711538461538464 0.11965811965811966 0.02403846153846154 0.12393162393162394
0 0.6201923076923077 0.05128205128205128 0.028846153846153848 0.10256410256410256
0 0.7403846153846154 0.049145299145299144 0.028846153846153848 0.09829059829059829
0 0.9014423076923077 0.3888888888888889 0.028846153846153848 0.19658119658119658