0 0.07211538461538461 0.4230769230769231 0.0625 0.19230769230769232
0 0.026442307692307692 0.41452991452991456 0.05048076923076923 0.2094017094017094
0 0.20673076923076922 0.32905982905982906 0.036057692307692304 0.20512820512820512
0 0.22596153846153846 0.33760683760683763 0.040865384615384616 0.1794871794871795
0 0.1875 0.2777777777777778 0.038461538461538464 0.18376068376068377
0 0.25721153846153844 0.29914529914529914 0.036057692307692304 0.16666666666666666
0 0.4326923076923077 0.31196581196581197 0.04567307692307692 0.18803418803418803
0 0.46634615384615385 0.3247863247863248 0.04807692307692308 0.19230769230769232
0 0.41346153846153844 0.16666666666666666 0.038461538461538464 0.1452991452991453
0 0.65625 0.45726495726495725 0.04807692307692308 0.20512820512820512
0 0.6826923076923077 0.2948717948717949 0.04567307692307692 0.16666666666666666
0 0.7668269230769231 0.26495726495726496 0.040865384615384616 0.1752136752136752
0 0.8004807692307693 0.0811965811965812 0.038461538461538464 0.12393162393162394
0 0.6153846153846154 0.9316239316239316 0.057692307692307696 0.1282051282051282