0 0.12259615384615384 0.4444444444444444 0.07932692307692307 0.2264957264957265
0 0.2403846153846154 0.7051282051282052 0.0625 0.2777777777777778
0 0.3125 0.8547008547008547 0.07211538461538461 0.28205128205128205
0 0.38461538461538464 0.8760683760683761 0.07211538461538461 0.23504273504273504
0 0.5552884615384616 0.7008547008547008 0.06490384615384616 0.29914529914529914
0 0.21394230769230768 0.2777777777777778 0.040865384615384616 0.17094017094017094
0 0.25961538461538464 0.27350427350427353 0.03125 0.18376068376068377
0 0.28846153846153844 0.2905982905982906 0.03125 0.1752136752136752
0 0.3125 0.21367521367521367 0.036057692307692304 0.16666666666666666
0 0.34375 0.20512820512820512 0.036057692307692304 0.15384615384615385
0 0.4206730769230769 0.14102564102564102 0.02403846153846154 0.1581196581196581
0 0.44471153846153844 0.1581196581196581 0.021634615384615384 0.12393162393162394
0 0.5889423076923077 0.06837606837606838 0.03125 0.12393162393162394
0 0.8125 0.08547008547008547 0.03365384615384615 0.1282051282051282
0 0.8485576923076923 0.1452991452991453 0.03365384615384615 0.14102564102564102
0 0.7259615384615384 0.31196581196581197 0.04326923076923077 0.19658119658119658
0 0.8581730769230769 0.5427350427350427 0.052884615384615384 0.21794871794871795
0 0.9182692307692307 0.5598290598290598 0.040865384615384616 0.20512820512820512
0 0.9543269230769231 0.5 0.03365384615384615 0.17094017094017094
0 0.9254807692307693 0.20512820512820512 0.03365384615384615 0.14957264957264957