0 0.11778846153846154 0.6452991452991453 0.06971153846153846 0.23504273504273504
0 0.040865384615384616 0.6324786324786325 0.0673076923076923 0.2777777777777778
0 0.2980769230769231 0.8418803418803419 0.08173076923076923 0.2905982905982906
0 0.35336538461538464 0.8717948717948718 0.07211538461538461 0.25213675213675213
0 0.7548076923076923 0.7521367521367521 0.07451923076923077 0.24786324786324787
0 0.43028846153846156 0.5641025641025641 0.0673076923076923 0.23931623931623933
0 0.23798076923076922 0.44017094017094016 0.052884615384615384 0.21794871794871795
0 0.16346153846153846 0.3803418803418803 0.05048076923076923 0.19230769230769232
0 0.12980769230769232 0.38461538461538464 0.057692307692307696 0.18803418803418803
0 0.3485576923076923 0.18803418803418803 0.04807692307692308 0.14957264957264957
0 0.3918269230769231 0.17094017094017094 0.038461538461538464 0.13675213675213677
0 0.5360576923076923 0.17094017094017094 0.040865384615384616 0.1752136752136752
0 0.5697115384615384 0.1623931623931624 0.036057692307692304 0.13675213675213677
0 0.9302884615384616 0.44871794871794873 0.06009615384615385 0.2222222222222222
0 0.8221153846153846 0.10256410256410256 0.036057692307692304 0.14102564102564102