0 0.13942307692307693 0.41025641025641024 0.057692307692307696 0.19658119658119658
0 0.21875 0.38461538461538464 0.052884615384615384 0.20085470085470086
0 0.3918269230769231 0.13675213675213677 0.036057692307692304 0.16666666666666666
0 0.4206730769230769 0.1623931623931624 0.036057692307692304 0.13675213675213677
0 0.5072115384615384 0.0811965811965812 0.038461538461538464 0.12393162393162394
0 0.5540865384615384 0.053418803418803416 0.036057692307692304 0.10683760683760683
0 0.9278846153846154 0.19658119658119658 0.03365384615384615 0.14102564102564102
0 0.9254807692307693 0.23504273504273504 0.040865384615384616 0.14957264957264957
0 0.9663461538461539 0.27350427350427353 0.036057692307692304 0.1623931623931624
0 0.9375 0.36324786324786323 0.04807692307692308 0.23076923076923078
0 0.9495192307692307 0.5897435897435898 0.055288461538461536 0.2564102564102564
0 0.7692307692307693 0.811965811965812 0.0673076923076923 0.2777777777777778
0 0.84375 0.8076923076923077 0.0625 0.25213675213675213
0 0.7644230769230769 0.8931623931623932 0.07692307692307693 0.20512820512820512
0 0.8413461538461539 0.8974358974358975 0.0673076923076923 0.19658119658119658