0 0.10817307692307693 0.4829059829059829 0.04567307692307692 0.2094017094017094
0 0.19471153846153846 0.3034188034188034 0.036057692307692304 0.16666666666666666
0 0.24759615384615385 0.31196581196581197 0.03125 0.15384615384615385
0 0.3125 0.26495726495726496 0.03125 0.1581196581196581
0 0.41346153846153844 0.18376068376068377 0.02403846153846154 0.11965811965811966
0 0.5336538461538461 0.20085470085470086 0.03125 0.14957264957264957
0 0.6081730769230769 0.19230769230769232 0.026442307692307692 0.14102564102564102
0 0.5096153846153846 0.08547008547008547 0.021634615384615384 0.11965811965811966
0 0.5649038461538461 0.07692307692307693 0.026442307692307692 0.11965811965811966
0 0.6778846153846154 0.053418803418803416 0.028846153846153848 0.10683760683760683
0 0.9519230769230769 0.29914529914529914 0.03365384615384615 0.1581196581196581
0 0.9495192307692307 0.42735042735042733 0.036057692307692304 0.19230769230769232
0 0.6201923076923077 0.49145299145299143 0.038461538461538464 0.21794871794871795
0 0.016826923076923076 0.717948717948718 0.03365384615384615 0.23931623931623933
0 0.40865384615384615 0.905982905982906 0.07692307692307693 0.1794871794871795
0 0.6466346153846154 0.8632478632478633 0.052884615384615384 0.2606837606837607
0 0.6995192307692307 0.8931623931623932 0.06490384615384616 0.20512820512820512