0 0.31971153846153844 0.2094017094017094 0.04807692307692308 0.1794871794871795
0 0.4495192307692308 0.3888888888888889 0.055288461538461536 0.20512820512820512
0 0.45913461538461536 0.15384615384615385 0.028846153846153848 0.1452991452991453
0 0.47836538461538464 0.15384615384615385 0.03125 0.1452991452991453
0 0.5048076923076923 0.17094017094017094 0.028846153846153848 0.14957264957264957
0 0.5264423076923077 0.08974358974358974 0.03125 0.14102564102564102
0 0.4951923076923077 0.08974358974358974 0.036057692307692304 0.14957264957264957
0 0.8341346153846154 0.19230769230769232 0.04567307692307692 0.14957264957264957
0 0.8461538461538461 0.3547008547008547 0.04807692307692308 0.2222222222222222
0 0.9350961538461539 0.3418803418803419 0.04807692307692308 0.18803418803418803
0 0.3245192307692308 0.9188034188034188 0.07451923076923077 0.15384615384615385