0 0.016826923076923076 0.44871794871794873 0.03365384615384615 0.18803418803418803
0 0.10096153846153846 0.37606837606837606 0.04326923076923077 0.20085470085470086
0 0.15625 0.3974358974358974 0.03365384615384615 0.1623931623931624
0 0.19230769230769232 0.3888888888888889 0.04326923076923077 0.1581196581196581
0 0.37740384615384615 0.358974358974359 0.038461538461538464 0.1794871794871795
0 0.41586538461538464 0.3717948717948718 0.03365384615384615 0.1752136752136752
0 0.32211538461538464 0.24358974358974358 0.03125 0.1452991452991453
0 0.4182692307692308 0.1794871794871795 0.03125 0.14102564102564102
0 0.5072115384615384 0.24786324786324787 0.036057692307692304 0.15384615384615385
0 0.5769230769230769 0.405982905982906 0.04567307692307692 0.18376068376068377
0 0.7067307692307693 0.9017094017094017 0.055288461538461536 0.18803418803418803
0 0.8293269230769231 0.9615384615384616 0.07211538461538461 0.0641025641025641
0 0.8341346153846154 0.8803418803418803 0.052884615384615384 0.23076923076923078
0 0.8653846153846154 0.7051282051282052 0.055288461538461536 0.24786324786324787
0 0.8413461538461539 0.5769230769230769 0.028846153846153848 0.2222222222222222
0 0.9110576923076923 0.5982905982905983 0.03365384615384615 0.2222222222222222
0 0.8990384615384616 0.5341880341880342 0.02403846153846154 0.1581196581196581
0 0.8677884615384616 0.4230769230769231 0.03365384615384615 0.18376068376068377
0 0.8221153846153846 0.4017094017094017 0.04567307692307692 0.18376068376068377
0 0.7908653846153846 0.11538461538461539 0.03125 0.1282051282051282
0 0.8557692307692307 0.1282051282051282 0.028846153846153848 0.13247863247863248
0 0.5336538461538461 0.05982905982905983 0.026442307692307692 0.10683760683760683
0 0.8894230769230769 0.13247863247863248 0.021634615384615384 0.13247863247863248