0 0.06490384615384616 0.39316239316239315 0.05048076923076923 0.19230769230769232
0 0.21394230769230768 0.29914529914529914 0.04326923076923077 0.17094017094017094
0 0.34134615384615385 0.7136752136752137 0.05048076923076923 0.24786324786324787
0 0.5024038461538461 0.5299145299145299 0.04807692307692308 0.21367521367521367
0 0.5649038461538461 0.5384615384615384 0.05048076923076923 0.21794871794871795
0 0.6177884615384616 0.49572649572649574 0.040865384615384616 0.2222222222222222
0 0.7572115384615384 0.47435897435897434 0.04567307692307692 0.18803418803418803
0 0.5721153846153846 0.3547008547008547 0.026442307692307692 0.1452991452991453
0 0.5913461538461539 0.24358974358974358 0.040865384615384616 0.1452991452991453
0 0.7235576923076923 0.1623931623931624 0.036057692307692304 0.13675213675213677
0 0.49759615384615385 0.07692307692307693 0.02403846153846154 0.11538461538461539
0 0.5673076923076923 0.05128205128205128 0.026442307692307692 0.10256410256410256
0 0.6081730769230769 0.03418803418803419 0.019230769230769232 0.06837606837606838