0 0.14903846153846154 0.594017094017094 0.055288461538461536 0.23504273504273504
0 0.08413461538461539 0.37606837606837606 0.04326923076923077 0.19230769230769232
0 0.14423076923076922 0.3547008547008547 0.040865384615384616 0.18803418803418803
0 0.18990384615384615 0.37606837606837606 0.03365384615384615 0.15384615384615385
0 0.22355769230769232 0.3888888888888889 0.038461538461538464 0.18376068376068377
0 0.4735576923076923 0.5341880341880342 0.038461538461538464 0.23504273504273504
0 0.5120192307692307 0.5854700854700855 0.055288461538461536 0.2264957264957265
0 0.5745192307692307 0.8418803418803419 0.0625 0.26495726495726496
0 0.8269230769230769 0.5811965811965812 0.055288461538461536 0.23504273504273504
0 0.8918269230769231 0.6794871794871795 0.057692307692307696 0.23504273504273504
0 0.5673076923076923 0.2094017094017094 0.03365384615384615 0.1282051282051282
0 0.5384615384615384 0.20085470085470086 0.026442307692307692 0.14957264957264957
0 0.4230769230769231 0.14102564102564102 0.03125 0.13675213675213677
0 0.5384615384615384 0.0641025641025641 0.026442307692307692 0.11538461538461539
0 0.6370192307692307 0.06837606837606838 0.026442307692307692 0.1111111111111111
0 0.7259615384615384 0.10256410256410256 0.028846153846153848 0.11538461538461539
0 0.7572115384615384 0.11965811965811966 0.028846153846153848 0.1282051282051282
0 0.8341346153846154 0.09401709401709402 0.026442307692307692 0.12393162393162394
0 0.8822115384615384 0.3333333333333333 0.04567307692307692 0.20512820512820512
0 0.9639423076923077 0.25213675213675213 0.03125 0.1452991452991453