0 0.25 0.4230769230769231 0.04567307692307692 0.1794871794871795
0 0.04326923076923077 0.5042735042735043 0.040865384615384616 0.2094017094017094
0 0.016826923076923076 0.4829059829059829 0.028846153846153848 0.20085470085470086
0 0.04807692307692308 0.811965811965812 0.057692307692307696 0.24358974358974358
0 0.27884615384615385 0.8803418803418803 0.0673076923076923 0.2264957264957265
0 0.25240384615384615 0.31196581196581197 0.03365384615384615 0.1752136752136752
0 0.23317307692307693 0.2948717948717949 0.02403846153846154 0.18376068376068377
0 0.31971153846153844 0.24786324786324787 0.03125 0.14957264957264957
0 0.34615384615384615 0.23504273504273504 0.02403846153846154 0.1282051282051282
0 0.41586538461538464 0.14957264957264957 0.03125 0.11965811965811966
0 0.6899038461538461 0.3162393162393162 0.03365384615384615 0.1623931623931624
0 0.6514423076923077 0.15384615384615385 0.03365384615384615 0.14102564102564102
0 0.5072115384615384 0.10683760683760683 0.021634615384615384 0.1282051282051282
0 0.5625 0.0641025641025641 0.026442307692307692 0.09829059829059829
0 0.6706730769230769 0.07264957264957266 0.02403846153846154 0.11965811965811966
0 0.8677884615384616 0.46153846153846156 0.036057692307692304 0.20085470085470086
0 0.8918269230769231 0.7863247863247863 0.06490384615384616 0.28205128205128205
0 0.9158653846153846 0.28205128205128205 0.036057692307692304 0.19230769230769232
0 0.9278846153846154 0.21367521367521367 0.03125 0.1581196581196581
0 0.9639423076923077 0.2222222222222222 0.026442307692307692 0.13247863247863248
0 0.9591346153846154 0.358974358974359 0.028846153846153848 0.16666666666666666
0 0.875 0.05128205128205128 0.02403846153846154 0.10256410256410256
0 0.8461538461538461 0.05128205128205128 0.026442307692307692 0.10256410256410256