0 0.05048076923076923 0.4658119658119658 0.055288461538461536 0.23931623931623933
0 0.08173076923076923 0.4829059829059829 0.04567307692307692 0.2094017094017094
0 0.09134615384615384 0.4188034188034188 0.05048076923076923 0.16666666666666666
0 0.11538461538461539 0.34615384615384615 0.04807692307692308 0.18376068376068377
0 0.24519230769230768 0.25213675213675213 0.03365384615384615 0.1752136752136752
0 0.27884615384615385 0.2905982905982906 0.040865384615384616 0.1623931623931624
0 0.3125 0.18803418803418803 0.03365384615384615 0.14957264957264957
0 0.34134615384615385 0.20085470085470086 0.036057692307692304 0.14102564102564102
0 0.5048076923076923 0.1752136752136752 0.028846153846153848 0.1452991452991453
0 0.53125 0.18376068376068377 0.03365384615384615 0.13247863247863248
0 0.5817307692307693 0.49572649572649574 0.05048076923076923 0.19658119658119658
0 0.6586538461538461 0.14957264957264957 0.03365384615384615 0.13675213675213677
0 0.78125 0.27350427350427353 0.036057692307692304 0.1623931623931624
0 0.8341346153846154 0.15384615384615385 0.028846153846153848 0.14102564102564102
0 0.9134615384615384 0.3076923076923077 0.03125 0.17094017094017094
0 0.8197115384615384 0.6410256410256411 0.0625 0.2222222222222222
0 0.9182692307692307 0.6538461538461539 0.05048076923076923 0.24786324786324787
0 0.9615384615384616 0.27350427350427353 0.036057692307692304 0.16666666666666666