0 0.07692307692307693 0.6153846153846154 0.06490384615384616 0.25213675213675213
0 0.14903846153846154 0.5213675213675214 0.055288461538461536 0.20512820512820512
0 0.24759615384615385 0.6452991452991453 0.057692307692307696 0.2564102564102564
0 0.2764423076923077 0.47863247863247865 0.057692307692307696 0.21367521367521367
0 0.17067307692307693 0.3333333333333333 0.05048076923076923 0.16666666666666666
0 0.3389423076923077 0.18803418803418803 0.038461538461538464 0.13247863247863248
0 0.5072115384615384 0.21794871794871795 0.03365384615384615 0.16666666666666666
0 0.5721153846153846 0.2606837606837607 0.038461538461538464 0.1794871794871795
0 0.6153846153846154 0.49572649572649574 0.04567307692307692 0.2264957264957265
0 0.5192307692307693 0.8846153846153846 0.06971153846153846 0.21794871794871795
0 0.7331730769230769 0.9273504273504274 0.08173076923076923 0.13247863247863248
0 0.7235576923076923 0.23504273504273504 0.028846153846153848 0.13675213675213677
0 0.7211538461538461 0.18376068376068377 0.021634615384615384 0.10683760683760683
0 0.7451923076923077 0.21794871794871795 0.019230769230769232 0.15384615384615385
0 0.7668269230769231 0.23504273504273504 0.02403846153846154 0.1581196581196581
0 0.9302884615384616 0.2905982905982906 0.03365384615384615 0.1623931623931624
0 0.8221153846153846 0.1111111111111111 0.021634615384615384 0.12393162393162394
0 0.8533653846153846 0.1282051282051282 0.02403846153846154 0.12393162393162394
0 0.6514423076923077 0.13675213675213677 0.026442307692307692 0.1623931623931624
0 0.46634615384615385 0.10256410256410256 0.02403846153846154 0.1282051282051282
0 0.59375 0.07264957264957266 0.019230769230769232 0.12393162393162394
0 0.53125 0.07264957264957266 0.026442307692307692 0.12393162393162394
0 0.7872596153846154 0.049145299145299144 0.026442307692307692 0.09829059829059829
0 0.6658653846153846 0.0641025641025641 0.021634615384615384 0.1282051282051282