0 0.07932692307692307 0.36752136752136755 0.04567307692307692 0.1752136752136752
0 0.35336538461538464 0.5085470085470085 0.040865384615384616 0.19658119658119658
0 0.41586538461538464 0.8846153846153846 0.0625 0.2222222222222222
0 0.4831730769230769 0.8931623931623932 0.06971153846153846 0.20512820512820512
0 0.5721153846153846 0.405982905982906 0.038461538461538464 0.1581196581196581
0 0.6225961538461539 0.49572649572649574 0.03365384615384615 0.21367521367521367
0 0.5144230769230769 0.2863247863247863 0.028846153846153848 0.1452991452991453
0 0.3918269230769231 0.16666666666666666 0.028846153846153848 0.13247863247863248
0 0.30288461538461536 0.21367521367521367 0.03125 0.13247863247863248
0 0.8605769230769231 0.32905982905982906 0.03125 0.16666666666666666
0 0.9086538461538461 0.3076923076923077 0.040865384615384616 0.1623931623931624
0 0.9519230769230769 0.32905982905982906 0.040865384615384616 0.17094017094017094
0 0.9350961538461539 0.2264957264957265 0.03125 0.13247863247863248
0 0.8846153846153846 0.23504273504273504 0.03125 0.1452991452991453
0 0.8533653846153846 0.07264957264957266 0.03125 0.1282051282051282