0 0.19471153846153846 0.3418803418803419 0.04567307692307692 0.15384615384615385
0 0.03365384615384615 0.4188034188034188 0.04567307692307692 0.18803418803418803
0 0.021634615384615384 0.5384615384615384 0.04326923076923077 0.19230769230769232
0 0.2283653846153846 0.2692307692307692 0.040865384615384616 0.1752136752136752
0 0.34615384615384615 0.2094017094017094 0.036057692307692304 0.15384615384615385
0 0.37740384615384615 0.1581196581196581 0.036057692307692304 0.14102564102564102
0 0.40625 0.15384615384615385 0.028846153846153848 0.11965811965811966
0 0.4831730769230769 0.3504273504273504 0.04326923076923077 0.18376068376068377
0 0.7475961538461539 0.3162393162393162 0.04567307692307692 0.19230769230769232
0 0.8509615384615384 0.5811965811965812 0.057692307692307696 0.23504273504273504
0 0.9326923076923077 0.39316239316239315 0.040865384615384616 0.1794871794871795
0 0.8870192307692307 0.358974358974359 0.03365384615384615 0.1794871794871795
0 0.8509615384615384 0.34615384615384615 0.040865384615384616 0.19230769230769232
0 0.9663461538461539 0.2692307692307692 0.028846153846153848 0.14957264957264957
0 0.8894230769230769 0.11538461538461539 0.026442307692307692 0.1282051282051282
0 0.8653846153846154 0.08974358974358974 0.03365384615384615 0.1452991452991453
0 0.7980769230769231 0.07264957264957266 0.026442307692307692 0.1111111111111111
0 0.7091346153846154 0.06837606837606838 0.021634615384615384 0.11965811965811966
0 0.6826923076923077 0.0641025641025641 0.02403846153846154 0.11538461538461539
0 0.4639423076923077 0.09401709401709402 0.03125 0.1282051282051282