0 0.03125 0.5769230769230769 0.057692307692307696 0.23504273504273504
0 0.1466346153846154 0.32905982905982906 0.052884615384615384 0.18376068376068377
0 0.32211538461538464 0.3717948717948718 0.04567307692307692 0.1794871794871795
0 0.36778846153846156 0.37606837606837606 0.036057692307692304 0.19230769230769232
0 0.6370192307692307 0.6068376068376068 0.06490384615384616 0.23076923076923078
0 0.6322115384615384 0.3888888888888889 0.05048076923076923 0.20512820512820512
0 0.6730769230769231 0.3974358974358974 0.038461538461538464 0.20512820512820512
0 0.6754807692307693 0.2692307692307692 0.040865384615384616 0.15384615384615385
0 0.6201923076923077 0.1794871794871795 0.04807692307692308 0.17094017094017094
0 0.5504807692307693 0.1623931623931624 0.052884615384615384 0.17094017094017094
0 0.7980769230769231 0.6324786324786325 0.07692307692307693 0.2692307692307692
0 0.8990384615384616 0.41452991452991456 0.057692307692307696 0.20085470085470086
0 0.9254807692307693 0.3547008547008547 0.04567307692307692 0.18803418803418803
0 0.9375 0.2264957264957265 0.040865384615384616 0.13247863247863248
0 0.9615384615384616 0.2863247863247863 0.03125 0.1282051282051282