0 0.15625 0.3504273504273504 0.0625 0.19230769230769232
0 0.21153846153846154 0.2905982905982906 0.05048076923076923 0.16666666666666666
0 0.27884615384615385 0.2905982905982906 0.052884615384615384 0.20512820512820512
0 0.34134615384615385 0.3504273504273504 0.055288461538461536 0.20512820512820512
0 0.3581730769230769 0.21367521367521367 0.052884615384615384 0.15384615384615385
0 0.4423076923076923 0.24358974358974358 0.055288461538461536 0.18376068376068377
0 0.46875 0.21367521367521367 0.038461538461538464 0.15384615384615385
0 0.5240384615384616 0.47863247863247865 0.057692307692307696 0.23504273504273504
0 0.5961538461538461 0.5085470085470085 0.0625 0.24358974358974358
0 0.7283653846153846 0.23504273504273504 0.052884615384615384 0.1794871794871795
0 0.8173076923076923 0.10683760683760683 0.05048076923076923 0.1752136752136752
0 0.6466346153846154 0.05982905982905983 0.036057692307692304 0.11965811965811966
0 0.578125 0.057692307692307696 0.040865384615384616 0.11538461538461539