0 0.27884615384615385 0.46153846153846156 0.04807692307692308 0.21794871794871795
0 0.4014423076923077 0.7264957264957265 0.0673076923076923 0.24358974358974358
0 0.24759615384615385 0.36752136752136755 0.02403846153846154 0.1794871794871795
0 0.2283653846153846 0.3333333333333333 0.026442307692307692 0.1452991452991453
0 0.20673076923076922 0.3076923076923077 0.03365384615384615 0.18376068376068377
0 0.6105769230769231 0.5042735042735043 0.04567307692307692 0.23504273504273504
0 0.5817307692307693 0.15384615384615385 0.028846153846153848 0.13247863247863248
0 0.6105769230769231 0.1623931623931624 0.03125 0.12393162393162394
0 0.3605769230769231 0.1794871794871795 0.028846153846153848 0.13247863247863248
0 0.4807692307692308 0.10256410256410256 0.02403846153846154 0.13675213675213677
0 0.8774038461538461 0.4230769230769231 0.05048076923076923 0.19230769230769232
0 0.9158653846153846 0.48717948717948717 0.05048076923076923 0.20085470085470086
0 0.9471153846153846 0.5384615384615384 0.040865384615384616 0.20512820512820512
0 0.9254807692307693 0.32905982905982906 0.038461538461538464 0.1623931623931624
0 0.7307692307692307 0.14102564102564102 0.03365384615384615 0.14102564102564102
0 0.7043269230769231 0.13247863247863248 0.026442307692307692 0.1282051282051282
0 0.8341346153846154 0.05555555555555555 0.021634615384615384 0.1111111111111111
0 0.8605769230769231 0.06196581196581197 0.03365384615384615 0.12393162393162394
0 0.6802884615384616 0.04700854700854701 0.021634615384615384 0.09401709401709402