0 0.16826923076923078 0.32051282051282054 0.040865384615384616 0.1623931623931624
0 0.040865384615384616 0.8205128205128205 0.06971153846153846 0.2948717948717949
0 0.10576923076923077 0.8247863247863247 0.0889423076923077 0.3162393162393162
0 0.23317307692307693 0.6111111111111112 0.0625 0.23504273504273504
0 0.1875 0.4358974358974359 0.05048076923076923 0.18803418803418803
0 0.2932692307692308 0.27350427350427353 0.04326923076923077 0.17094017094017094
0 0.33413461538461536 0.2264957264957265 0.040865384615384616 0.13247863247863248
0 0.6682692307692307 0.10683760683760683 0.04326923076923077 0.13675213675213677
0 0.7644230769230769 0.23504273504273504 0.04326923076923077 0.1452991452991453
0 0.9375 0.31196581196581197 0.036057692307692304 0.1794871794871795
0 0.9182692307692307 0.3803418803418803 0.03125 0.1111111111111111
0 0.9230769230769231 0.5811965811965812 0.055288461538461536 0.23076923076923078
0 0.7331730769230769 0.6452991452991453 0.06490384615384616 0.3034188034188034
0 0.8173076923076923 0.8675213675213675 0.06490384615384616 0.2606837606837607
0 0.5925480769230769 0.049145299145299144 0.03125 0.09829059829059829