0 0.1778846153846154 0.39316239316239315 0.055288461538461536 0.21367521367521367
0 0.34375 0.47435897435897434 0.04807692307692308 0.21367521367521367
0 0.21634615384615385 0.26495726495726496 0.03365384615384615 0.1581196581196581
0 0.47836538461538464 0.29914529914529914 0.038461538461538464 0.16666666666666666
0 0.5192307692307693 0.2777777777777778 0.036057692307692304 0.1581196581196581
0 0.3317307692307692 0.1752136752136752 0.028846153846153848 0.13675213675213677
0 0.41346153846153844 0.14102564102564102 0.02403846153846154 0.13675213675213677
0 0.42788461538461536 0.1581196581196581 0.02403846153846154 0.12393162393162394
0 0.4567307692307692 0.1752136752136752 0.026442307692307692 0.1452991452991453
0 0.5264423076923077 0.14957264957264957 0.03125 0.12393162393162394
0 0.47596153846153844 0.07264957264957266 0.02403846153846154 0.11538461538461539
0 0.6177884615384616 0.08974358974358974 0.03125 0.13675213675213677
0 0.6466346153846154 0.10683760683760683 0.02403846153846154 0.13675213675213677
0 0.5600961538461539 0.43162393162393164 0.04326923076923077 0.20085470085470086
0 0.6177884615384616 0.49145299145299143 0.036057692307692304 0.2222222222222222
0 0.6346153846153846 0.43162393162393164 0.03125 0.19230769230769232
0 0.6802884615384616 0.44017094017094016 0.038461538461538464 0.18376068376068377
0 0.7235576923076923 0.47863247863247865 0.04326923076923077 0.19658119658119658
0 0.7692307692307693 0.49572649572649574 0.04326923076923077 0.18376068376068377
0 0.9375 0.5 0.04326923076923077 0.21367521367521367
0 0.9591346153846154 0.27350427350427353 0.040865384615384616 0.1752136752136752
0 0.7487980769230769 0.049145299145299144 0.021634615384615384 0.09829059829059829
0 0.6706730769230769 0.049145299145299144 0.02403846153846154 0.09829059829059829
0 0.6502403846153846 0.0405982905982906 0.021634615384615384 0.0811965811965812