0 0.2956730769230769 0.6282051282051282 0.057692307692307696 0.2564102564102564
0 0.28365384615384615 0.9145299145299145 0.06971153846153846 0.16666666666666666
0 0.5120192307692307 0.7692307692307693 0.06490384615384616 0.2777777777777778
0 0.36778846153846156 0.9444444444444444 0.0673076923076923 0.10256410256410256
0 0.18269230769230768 0.38461538461538464 0.055288461538461536 0.19658119658119658
0 0.2956730769230769 0.25213675213675213 0.040865384615384616 0.16666666666666666
0 0.3317307692307692 0.24358974358974358 0.036057692307692304 0.13675213675213677
0 0.18990384615384615 0.3162393162393162 0.038461538461538464 0.1623931623931624
0 0.34615384615384615 0.1752136752136752 0.038461538461538464 0.1452991452991453
0 0.38461538461538464 0.1752136752136752 0.036057692307692304 0.1452991452991453
0 0.4375 0.12393162393162394 0.03125 0.12393162393162394
0 0.45913461538461536 0.13247863247863248 0.026442307692307692 0.12393162393162394
0 0.4807692307692308 0.11538461538461539 0.028846153846153848 0.11965811965811966
0 0.5673076923076923 0.08974358974358974 0.038461538461538464 0.13675213675213677
0 0.6923076923076923 0.42735042735042733 0.052884615384615384 0.2094017094017094
0 0.8798076923076923 0.49145299145299143 0.05048076923076923 0.21794871794871795
0 0.9350961538461539 0.5085470085470085 0.04326923076923077 0.20512820512820512
0 0.84375 0.15384615384615385 0.040865384615384616 0.13247863247863248
0 0.9158653846153846 0.2264957264957265 0.04326923076923077 0.1581196581196581
0 0.8245192307692307 0.06196581196581197 0.03365384615384615 0.12393162393162394