0 0.13701923076923078 0.3504273504273504 0.05048076923076923 0.1452991452991453
0 0.2548076923076923 0.23504273504273504 0.036057692307692304 0.1581196581196581
0 0.3870192307692308 0.17094017094017094 0.028846153846153848 0.14102564102564102
0 0.4735576923076923 0.8846153846153846 0.07932692307692307 0.21794871794871795
0 0.6658653846153846 0.7350427350427351 0.0625 0.2606837606837607
0 0.7235576923076923 0.7606837606837606 0.055288461538461536 0.24786324786324787
0 0.8774038461538461 0.39316239316239315 0.04567307692307692 0.20512820512820512
0 0.6610576923076923 0.2905982905982906 0.04567307692307692 0.18376068376068377
0 0.8317307692307693 0.18376068376068377 0.028846153846153848 0.14102564102564102
0 0.5048076923076923 0.08974358974358974 0.019230769230769232 0.10683760683760683
0 0.5625 0.06837606837606838 0.019230769230769232 0.1111111111111111
0 0.59375 0.0641025641025641 0.016826923076923076 0.12393162393162394
0 0.625 0.0405982905982906 0.019230769230769232 0.0811965811965812
0 0.6670673076923077 0.03632478632478633 0.016826923076923076 0.07264957264957266
0 0.9471153846153846 0.2264957264957265 0.03125 0.17094017094017094
0 0.53125 0.05555555555555555 0.019230769230769232 0.1111111111111111