0 0.08173076923076923 0.6367521367521367 0.06971153846153846 0.26495726495726496
0 0.5576923076923077 0.688034188034188 0.07451923076923077 0.26495726495726496
0 0.5360576923076923 0.3888888888888889 0.06009615384615385 0.2094017094017094
0 0.625 0.4188034188034188 0.07451923076923077 0.2222222222222222
0 0.5360576923076923 0.2863247863247863 0.04567307692307692 0.20512820512820512
0 0.5096153846153846 0.10256410256410256 0.04326923076923077 0.13675213675213677
0 0.6177884615384616 0.08974358974358974 0.04567307692307692 0.14957264957264957
0 0.6682692307692307 0.11965811965811966 0.04326923076923077 0.1581196581196581
0 0.7163461538461539 0.1452991452991453 0.040865384615384616 0.1623931623931624
0 0.7524038461538461 0.1581196581196581 0.04807692307692308 0.17094017094017094
0 0.8389423076923077 0.1623931623931624 0.04567307692307692 0.1794871794871795
0 0.8894230769230769 0.1623931623931624 0.038461538461538464 0.1282051282051282
0 0.9639423076923077 0.2564102564102564 0.038461538461538464 0.14957264957264957
0 0.8846153846153846 0.10256410256410256 0.03365384615384615 0.09401709401709402
0 0.5612980769230769 0.04487179487179487 0.040865384615384616 0.08974358974358974