0 0.29086538461538464 0.38461538461538464 0.040865384615384616 0.16666666666666666
0 0.19951923076923078 0.27350427350427353 0.04567307692307692 0.1581196581196581
0 0.28846153846153844 0.27350427350427353 0.03125 0.13675213675213677
0 0.45913461538461536 0.2863247863247863 0.036057692307692304 0.1794871794871795
0 0.3870192307692308 0.8547008547008547 0.06009615384615385 0.2692307692307692
0 0.4543269230769231 0.8717948717948718 0.0673076923076923 0.24358974358974358
0 0.6850961538461539 0.9487179487179487 0.055288461538461536 0.09401709401709402
0 0.9014423076923077 0.5641025641025641 0.04567307692307692 0.19658119658119658
0 0.9110576923076923 0.6923076923076923 0.06490384615384616 0.23076923076923078
0 0.6153846153846154 0.5 0.038461538461538464 0.21794871794871795
0 0.3245192307692308 0.23504273504273504 0.026442307692307692 0.10683760683760683
0 0.2980769230769231 0.19230769230769232 0.026442307692307692 0.09401709401709402
0 0.3269230769230769 0.15384615384615385 0.03365384615384615 0.09401709401709402
0 0.39663461538461536 0.1282051282051282 0.03365384615384615 0.13675213675213677
0 0.5024038461538461 0.0641025641025641 0.026442307692307692 0.11538461538461539
0 0.6466346153846154 0.19658119658119658 0.03365384615384615 0.1452991452991453
0 0.7596153846153846 0.15384615384615385 0.03365384615384615 0.1452991452991453
0 0.9375 0.2863247863247863 0.036057692307692304 0.16666666666666666
0 0.6802884615384616 0.07692307692307693 0.026442307692307692 0.10683760683760683
0 0.65625 0.07692307692307693 0.026442307692307692 0.13675213675213677