0 0.4182692307692308 0.6025641025641025 0.08173076923076923 0.25213675213675213
0 0.6634615384615384 0.8717948717948718 0.06971153846153846 0.24786324786324787
0 0.7355769230769231 0.8888888888888888 0.0673076923076923 0.21794871794871795
0 0.7908653846153846 0.811965811965812 0.0625 0.2905982905982906
0 0.8677884615384616 0.6410256410256411 0.0673076923076923 0.2564102564102564
0 0.8798076923076923 0.4700854700854701 0.06009615384615385 0.21367521367521367
0 0.9447115384615384 0.4829059829059829 0.04567307692307692 0.21367521367521367
0 0.7980769230769231 0.1282051282051282 0.040865384615384616 0.15384615384615385
0 0.65625 0.1581196581196581 0.052884615384615384 0.1623931623931624
0 0.5721153846153846 0.1794871794871795 0.04567307692307692 0.14957264957264957
0 0.4254807692307692 0.18376068376068377 0.040865384615384616 0.1623931623931624
0 0.36778846153846156 0.17094017094017094 0.038461538461538464 0.15384615384615385
0 0.31971153846153844 0.19230769230769232 0.038461538461538464 0.1581196581196581
0 0.47115384615384615 0.1111111111111111 0.04567307692307692 0.13675213675213677
0 0.5072115384615384 0.10683760683760683 0.03125 0.12393162393162394
0 0.5288461538461539 0.10683760683760683 0.028846153846153848 0.12393162393162394
0 0.5552884615384616 0.1111111111111111 0.026442307692307692 0.12393162393162394
0 0.6189903846153846 0.049145299145299144 0.026442307692307692 0.09829059829059829
0 0.5961538461538461 0.10683760683760683 0.03125 0.11965811965811966
0 0.8653846153846154 0.20085470085470086 0.03365384615384615 0.1581196581196581
0 0.8894230769230769 0.18803418803418803 0.02403846153846154 0.14957264957264957
0 0.9230769230769231 0.21367521367521367 0.03125 0.13675213675213677
0 0.9519230769230769 0.21794871794871795 0.03365384615384615 0.13247863247863248