0 0.21875 0.38461538461538464 0.04567307692307692 0.19230769230769232
0 0.25240384615384615 0.3034188034188034 0.040865384615384616 0.17094017094017094
0 0.4543269230769231 0.3418803418803419 0.036057692307692304 0.20085470085470086
0 0.5985576923076923 0.33760683760683763 0.036057692307692304 0.1752136752136752
0 0.6346153846153846 0.3547008547008547 0.03365384615384615 0.1794871794871795
0 0.6201923076923077 0.49145299145299143 0.03365384615384615 0.21367521367521367
0 0.5168269230769231 0.8632478632478633 0.0673076923076923 0.2564102564102564
0 0.7740384615384616 0.6111111111111112 0.0625 0.23076923076923078
0 0.39663461538461536 0.17094017094017094 0.03125 0.14957264957264957
0 0.4543269230769231 0.11965811965811966 0.03365384615384615 0.11538461538461539
0 0.5360576923076923 0.1623931623931624 0.03125 0.1282051282051282
0 0.5408653846153846 0.05555555555555555 0.03125 0.1111111111111111
0 0.4951923076923077 0.05982905982905983 0.019230769230769232 0.10683760683760683
0 0.6730769230769231 0.10683760683760683 0.036057692307692304 0.13675213675213677
0 0.7019230769230769 0.17094017094017094 0.02403846153846154 0.1282051282051282
0 0.7235576923076923 0.38461538461538464 0.03365384615384615 0.1752136752136752
0 0.7620192307692307 0.36324786324786323 0.03365384615384615 0.1752136752136752
0 0.9254807692307693 0.5042735042735043 0.04567307692307692 0.20085470085470086
0 0.9350961538461539 0.6794871794871795 0.03365384615384615 0.1623931623931624
0 0.8221153846153846 0.042735042735042736 0.021634615384615384 0.08547008547008547
0 0.7415865384615384 0.057692307692307696 0.03125 0.11538461538461539