0 0.09375 0.6196581196581197 0.052884615384615384 0.20512820512820512
0 0.036057692307692304 0.5683760683760684 0.04807692307692308 0.23504273504273504
0 0.026442307692307692 0.38461538461538464 0.036057692307692304 0.16666666666666666
0 0.14903846153846154 0.3504273504273504 0.036057692307692304 0.1794871794871795
0 0.21153846153846154 0.3418803418803419 0.036057692307692304 0.1752136752136752
0 0.2764423076923077 0.2948717948717949 0.03125 0.16666666666666666
0 0.375 0.20085470085470086 0.026442307692307692 0.11538461538461539
0 0.38461538461538464 0.15384615384615385 0.026442307692307692 0.0641025641025641
0 0.4807692307692308 0.10683760683760683 0.026442307692307692 0.12393162393162394
0 0.5456730769230769 0.09401709401709402 0.03125 0.1282051282051282
0 0.5625 0.1752136752136752 0.02403846153846154 0.1282051282051282
0 0.5817307692307693 0.2222222222222222 0.026442307692307692 0.14957264957264957
0 0.6177884615384616 0.49145299145299143 0.040865384615384616 0.21367521367521367
0 0.7115384615384616 0.7948717948717948 0.05048076923076923 0.2863247863247863
0 0.9350961538461539 0.3333333333333333 0.03125 0.16666666666666666
0 0.6610576923076923 0.0641025641025641 0.026442307692307692 0.1282051282051282