0 0.28846153846153844 0.2094017094017094 0.036057692307692304 0.16666666666666666
0 0.32211538461538464 0.6923076923076923 0.08173076923076923 0.2777777777777778
0 0.5048076923076923 0.7435897435897436 0.08173076923076923 0.23931623931623933
0 0.8653846153846154 0.8846153846153846 0.07451923076923077 0.2222222222222222
0 0.5024038461538461 0.20512820512820512 0.040865384615384616 0.1623931623931624
0 0.5360576923076923 0.21367521367521367 0.03365384615384615 0.1623931623931624
0 0.5552884615384616 0.08974358974358974 0.036057692307692304 0.1282051282051282
0 0.5576923076923077 0.038461538461538464 0.021634615384615384 0.05982905982905983
0 0.8100961538461539 0.057692307692307696 0.04807692307692308 0.11538461538461539
0 0.875 0.11538461538461539 0.03365384615384615 0.14102564102564102
0 0.9375 0.49572649572649574 0.06490384615384616 0.23504273504273504