0 0.08173076923076923 0.42735042735042733 0.055288461538461536 0.19230769230769232
0 0.28125 0.23931623931623933 0.04567307692307692 0.1452991452991453
0 0.25961538461538464 0.28205128205128205 0.040865384615384616 0.10683760683760683
0 0.6514423076923077 0.4658119658119658 0.0673076923076923 0.21794871794871795
0 0.5168269230769231 0.1111111111111111 0.028846153846153848 0.14957264957264957
0 0.5408653846153846 0.07692307692307693 0.028846153846153848 0.14102564102564102
0 0.5528846153846154 0.11965811965811966 0.03125 0.1452991452991453
0 0.5649038461538461 0.10683760683760683 0.03365384615384615 0.13247863247863248
0 0.4735576923076923 0.08974358974358974 0.028846153846153848 0.13675213675213677
0 0.49759615384615385 0.08974358974358974 0.03125 0.13675213675213677
0 0.7980769230769231 0.3717948717948718 0.052884615384615384 0.21794871794871795
0 0.9134615384615384 0.36752136752136755 0.04807692307692308 0.18803418803418803
0 0.90625 0.4230769230769231 0.04567307692307692 0.1794871794871795
0 0.8798076923076923 0.5128205128205128 0.052884615384615384 0.12393162393162394
0 0.9158653846153846 0.7777777777777778 0.04807692307692308 0.19230769230769232
0 0.7451923076923077 0.057692307692307696 0.028846153846153848 0.11538461538461539
0 0.7740384615384616 0.0641025641025641 0.036057692307692304 0.1282051282051282
0 0.015625 0.5555555555555556 0.03125 0.21367521367521367
0 0.8942307692307693 0.44871794871794873 0.038461538461538464 0.0811965811965812