0 0.25 0.9572649572649573 0.06490384615384616 0.07692307692307693
0 0.45913461538461536 0.9401709401709402 0.06490384615384616 0.11538461538461539
0 0.28365384615384615 0.23504273504273504 0.04567307692307692 0.13675213675213677
0 0.3870192307692308 0.13675213675213677 0.03125 0.13675213675213677
0 0.4326923076923077 0.17094017094017094 0.03365384615384615 0.14102564102564102
0 0.46153846153846156 0.1282051282051282 0.028846153846153848 0.1282051282051282
0 0.47836538461538464 0.08547008547008547 0.036057692307692304 0.12393162393162394
0 0.5264423076923077 0.11538461538461539 0.02403846153846154 0.12393162393162394
0 0.6418269230769231 0.5512820512820513 0.055288461538461536 0.24358974358974358
0 0.8822115384615384 0.6666666666666666 0.0673076923076923 0.2606837606837607
0 0.8677884615384616 0.8974358974358975 0.07211538461538461 0.19658119658119658
0 0.9182692307692307 0.405982905982906 0.055288461538461536 0.2094017094017094
0 0.875 0.11538461538461539 0.026442307692307692 0.13675213675213677
0 0.8461538461538461 0.0641025641025641 0.026442307692307692 0.11965811965811966
0 0.8125 0.05982905982905983 0.028846153846153848 0.11538461538461539
0 0.7283653846153846 0.053418803418803416 0.02403846153846154 0.10683760683760683
0 0.5504807692307693 0.05555555555555555 0.02403846153846154 0.1111111111111111