0 0.125 0.8931623931623932 0.04807692307692308 0.20512820512820512
0 0.02403846153846154 0.46153846153846156 0.04807692307692308 0.18376068376068377
0 0.3629807692307692 0.4017094017094017 0.04567307692307692 0.20085470085470086
0 0.3173076923076923 0.23931623931623933 0.03125 0.14102564102564102
0 0.3894230769230769 0.19658119658119658 0.03125 0.10683760683760683
0 0.3629807692307692 0.16666666666666666 0.021634615384615384 0.1282051282051282
0 0.6057692307692307 0.10256410256410256 0.026442307692307692 0.11538461538461539
0 0.59375 0.5555555555555556 0.03365384615384615 0.19658119658119658
0 0.6346153846153846 0.5982905982905983 0.038461538461538464 0.21794871794871795
0 0.6153846153846154 0.47863247863247865 0.036057692307692304 0.18803418803418803
0 0.7644230769230769 0.7905982905982906 0.04567307692307692 0.24358974358974358
0 0.8173076923076923 0.7905982905982906 0.05048076923076923 0.24786324786324787
0 0.9038461538461539 0.2264957264957265 0.026442307692307692 0.14957264957264957
0 0.9447115384615384 0.2777777777777778 0.028846153846153848 0.14957264957264957
0 0.7620192307692307 0.9487179487179487 0.057692307692307696 0.09401709401709402