0 0.2980769230769231 0.43162393162393164 0.04807692307692308 0.23504273504273504
0 0.3870192307692308 0.9145299145299145 0.0985576923076923 0.1623931623931624
0 0.5120192307692307 0.6239316239316239 0.09134615384615384 0.2905982905982906
0 0.7980769230769231 0.8888888888888888 0.08653846153846154 0.2094017094017094
0 0.6706730769230769 0.2863247863247863 0.052884615384615384 0.1752136752136752
0 0.65625 0.20085470085470086 0.04567307692307692 0.1794871794871795
0 0.49038461538461536 0.1623931623931624 0.04567307692307692 0.1623931623931624
0 0.39903846153846156 0.16666666666666666 0.04567307692307692 0.1452991452991453
0 0.7956730769230769 0.08547008547008547 0.038461538461538464 0.14102564102564102
0 0.9110576923076923 0.3717948717948718 0.05048076923076923 0.19230769230769232
0 0.8918269230769231 0.19658119658119658 0.04567307692307692 0.16666666666666666
0 0.8653846153846154 0.11538461538461539 0.040865384615384616 0.1111111111111111
0 0.84375 0.10683760683760683 0.04326923076923077 0.12393162393162394
0 0.7620192307692307 0.07264957264957266 0.038461538461538464 0.14102564102564102