0 0.08653846153846154 0.39316239316239315 0.04807692307692308 0.19230769230769232
0 0.24519230769230768 0.3076923076923077 0.036057692307692304 0.14957264957264957
0 0.28365384615384615 0.23504273504273504 0.03125 0.14957264957264957
0 0.40384615384615385 0.1752136752136752 0.02403846153846154 0.11538461538461539
0 0.4326923076923077 0.1452991452991453 0.021634615384615384 0.13247863247863248
0 0.4879807692307692 0.07264957264957266 0.026442307692307692 0.12393162393162394
0 0.5288461538461539 0.32905982905982906 0.036057692307692304 0.17094017094017094
0 0.8245192307692307 0.6666666666666666 0.052884615384615384 0.25213675213675213
0 0.9182692307692307 0.7564102564102564 0.05048076923076923 0.20085470085470086
0 0.7331730769230769 0.3717948717948718 0.04567307692307692 0.20512820512820512
0 0.8413461538461539 0.36752136752136755 0.040865384615384616 0.18803418803418803
0 0.875 0.3888888888888889 0.036057692307692304 0.1794871794871795
0 0.9447115384615384 0.3547008547008547 0.04326923076923077 0.17094017094017094
0 0.8629807692307693 0.11538461538461539 0.036057692307692304 0.14957264957264957
0 0.8990384615384616 0.10256410256410256 0.02403846153846154 0.1282051282051282
0 0.8100961538461539 0.057692307692307696 0.028846153846153848 0.11538461538461539
0 0.7043269230769231 0.05128205128205128 0.019230769230769232 0.10256410256410256
0 0.7259615384615384 0.05555555555555555 0.021634615384615384 0.1111111111111111
0 0.6514423076923077 0.057692307692307696 0.03365384615384615 0.11538461538461539
0 0.4014423076923077 0.13247863247863248 0.02403846153846154 0.09829059829059829