0 0.10576923076923077 0.41452991452991456 0.05048076923076923 0.18803418803418803
0 0.4639423076923077 0.7264957264957265 0.0673076923076923 0.23504273504273504
0 0.8173076923076923 0.45726495726495725 0.052884615384615384 0.1794871794871795
0 0.8701923076923077 0.4230769230769231 0.036057692307692304 0.20085470085470086
0 0.9278846153846154 0.42735042735042733 0.04807692307692308 0.2222222222222222
0 0.7620192307692307 0.9230769230769231 0.07692307692307693 0.1452991452991453
0 0.8365384615384616 0.9316239316239316 0.06490384615384616 0.13247863247863248
0 0.5408653846153846 0.21794871794871795 0.040865384615384616 0.14102564102564102
0 0.2932692307692308 0.2564102564102564 0.040865384615384616 0.15384615384615385
0 0.3942307692307692 0.16666666666666666 0.03125 0.13675213675213677
0 0.4254807692307692 0.1452991452991453 0.028846153846153848 0.1282051282051282
0 0.4326923076923077 0.07264957264957266 0.021634615384615384 0.10256410256410256
0 0.5576923076923077 0.09829059829059829 0.02403846153846154 0.11965811965811966
0 0.5841346153846154 0.1111111111111111 0.028846153846153848 0.1282051282051282
0 0.84375 0.17094017094017094 0.028846153846153848 0.14102564102564102
0 0.875 0.08974358974358974 0.026442307692307692 0.12393162393162394