0 0.03125 0.6538461538461539 0.06009615384615385 0.2264957264957265
0 0.3293269230769231 0.8888888888888888 0.06971153846153846 0.21367521367521367
0 0.31009615384615385 0.2094017094017094 0.04807692307692308 0.14957264957264957
0 0.3870192307692308 0.1752136752136752 0.040865384615384616 0.13675213675213677
0 0.43028846153846156 0.1452991452991453 0.03125 0.1282051282051282
0 0.41346153846153844 0.11965811965811966 0.026442307692307692 0.1282051282051282
0 0.4951923076923077 0.14102564102564102 0.036057692307692304 0.1282051282051282
0 0.6177884615384616 0.6196581196581197 0.06490384615384616 0.2692307692307692
0 0.8365384615384616 0.8333333333333334 0.07211538461538461 0.3076923076923077
0 0.8990384615384616 0.7478632478632479 0.0673076923076923 0.23076923076923078
0 0.9158653846153846 0.45726495726495725 0.055288461538461536 0.2222222222222222
0 0.7283653846153846 0.06837606837606838 0.026442307692307692 0.11538461538461539
0 0.8076923076923077 0.06837606837606838 0.026442307692307692 0.11538461538461539
0 0.8365384615384616 0.07692307692307693 0.03125 0.11538461538461539
0 0.875 0.08547008547008547 0.026442307692307692 0.13675213675213677
0 0.5072115384615384 0.07692307692307693 0.026442307692307692 0.12393162393162394