0 0.17307692307692307 0.5769230769230769 0.07692307692307693 0.2264957264957265
0 0.21153846153846154 0.8974358974358975 0.06971153846153846 0.19658119658119658
0 0.2692307692307692 0.9316239316239316 0.0673076923076923 0.13247863247863248
0 0.4855769230769231 0.5042735042735043 0.055288461538461536 0.23504273504273504
0 0.78125 0.6794871794871795 0.07211538461538461 0.25213675213675213
0 0.9375 0.3974358974358974 0.052884615384615384 0.21794871794871795
0 0.18269230769230768 0.3247863247863248 0.0673076923076923 0.17094017094017094
0 0.17067307692307693 0.45726495726495725 0.04326923076923077 0.13675213675213677
0 0.11298076923076923 0.4230769230769231 0.052884615384615384 0.2094017094017094
0 0.38221153846153844 0.16666666666666666 0.03365384615384615 0.13675213675213677
0 0.4254807692307692 0.14102564102564102 0.03365384615384615 0.13247863247863248
0 0.5192307692307693 0.20085470085470086 0.040865384615384616 0.1794871794871795
0 0.4735576923076923 0.13247863247863248 0.040865384615384616 0.1581196581196581
0 0.5721153846153846 0.1794871794871795 0.040865384615384616 0.14957264957264957
0 0.8365384615384616 0.08547008547008547 0.038461538461538464 0.14102564102564102
0 0.7692307692307693 0.05982905982905983 0.02403846153846154 0.11965811965811966
0 0.7379807692307693 0.05128205128205128 0.02403846153846154 0.10256410256410256