0 0.021634615384615384 0.4188034188034188 0.04326923076923077 0.18803418803418803
0 0.23076923076923078 0.5769230769230769 0.05048076923076923 0.2564102564102564
0 0.23557692307692307 0.31196581196581197 0.05048076923076923 0.18803418803418803
0 0.27884615384615385 0.21367521367521367 0.028846153846153848 0.14957264957264957
0 0.37259615384615385 0.17094017094017094 0.026442307692307692 0.1452991452991453
0 0.3942307692307692 0.18803418803418803 0.014423076923076924 0.09401709401709402
0 0.47115384615384615 0.21794871794871795 0.03365384615384615 0.14102564102564102
0 0.5480769230769231 0.5256410256410257 0.05048076923076923 0.21367521367521367
0 0.6298076923076923 0.5555555555555556 0.04326923076923077 0.2094017094017094
0 0.6129807692307693 0.5 0.036057692307692304 0.21794871794871795
0 0.65625 0.31196581196581197 0.036057692307692304 0.1794871794871795
0 0.5456730769230769 0.27350427350427353 0.03365384615384615 0.17094017094017094
0 0.5697115384615384 0.24358974358974358 0.03125 0.1452991452991453
0 0.5817307692307693 0.14957264957264957 0.028846153846153848 0.13675213675213677
0 0.8269230769230769 0.39316239316239315 0.040865384615384616 0.18376068376068377
0 0.8798076923076923 0.4230769230769231 0.040865384615384616 0.17094017094017094
0 0.8942307692307693 0.6581196581196581 0.040865384615384616 0.2222222222222222
0 0.6442307692307693 0.053418803418803416 0.02403846153846154 0.10683760683760683
0 0.5300480769230769 0.049145299145299144 0.026442307692307692 0.09829059829059829
0 0.7415865384615384 0.03205128205128205 0.016826923076923076 0.0641025641025641
0 0.7067307692307693 0.038461538461538464 0.016826923076923076 0.07692307692307693
0 0.6826923076923077 0.03418803418803419 0.014423076923076924 0.06837606837606838